475 10000000000
5001000086 5001000102
5001000046 5001000205
5001000074 5001000288
5001000121 5001000205
5001000241 5001000157
5001000218 5001000140
5001000058 5001000098
5001000104 5001000199
5001000053 5001000157
5001000216 5001000079
5001000007 5001000157
5001000261 5001000008
5001000006 5001000075
5001000285 5001000216
5001000190 5001000045
5001000251 5001000027
5001000146 5001000048
5001000284 5001000271
5001000035 5001000156
5001000227 5001000275
5001000012 5001000144
5001000166 5001000070
5001000293 5001000021
5001000020 5001000097
5001000177 5001000287
5001000176 5001000236
5001000143 5001000136
5001000295 5001000148
5001000263 5001000032
5001000115 5001000204
5001000128 5001000065
5001000231 5001000273
5001000112 5001000214
5001000295 5001000199
5001000121 5001000222
2501000173 2501000133
2501000117 2501000091
2501000254 2501000110
2501000111 2501000025
2501000206 2501000040
2501000011 2501000133
2501000027 2501000153
2501000021 2501000021
2501000053 2501000283
2501000104 2501000167
2501000186 2501000231
2501000232 2501000168
2501000255 2501000095
2501000133 2501000002
2501000293 2501000254
2501000223 2501000218
2501000138 2501000091
2501000008 2501000143
2501000200 2501000170
2501000167 2501000158
2501000209 2501000177
2501000042 2501000287
2501000081 2501000062
2501000008 2501000133
2501000044 2501000163
2501000300 2501000282
2501000146 2501000283
2501000201 2501000100
2501000077 2501000086
2501000101 2501000070
2501000039 2501000075
2501000287 2501000228
2501000166 2501000046
2501000070 2501000117
2501000215 2501000288
1251000026 1251000176
1251000216 1251000068
1251000162 1251000296
1251000129 1251000221
1251000181 1251000225
1251000084 1251000180
1251000258 1251000229
1251000214 1251000210
1251000080 1251000290
1251000295 1251000181
1251000111 1251000085
1251000007 1251000097
1251000012 1251000224
1251000194 1251000133
1251000093 1251000109
1251000172 1251000118
1251000284 1251000087
1251000237 1251000145
1251000135 1251000066
1251000066 1251000015
1251000042 1251000201
1251000246 1251000051
1251000129 1251000159
1251000260 1251000208
1251000200 1251000255
1251000140 1251000011
1251000039 1251000199
1251000159 1251000051
1251000122 1251000053
1251000235 1251000214
1251000161 1251000107
1251000032 1251000196
1251000193 1251000020
1251000040 1251000079
1251000137 1251000157
626000093 626000178
626000057 626000038
626000228 626000237
626000248 626000188
626000145 626000148
626000194 626000036
626000158 626000232
626000234 626000068
626000034 626000056
626000120 626000269
626000021 626000032
626000127 626000104
626000227 626000071
626000124 626000019
626000150 626000260
626000175 626000242
626000138 626000284
626000032 626000117
626000220 626000279
626000056 626000116
626000126 626000249
626000152 626000035
626000181 626000137
626000103 626000214
626000244 626000274
626000234 626000265
626000006 626000060
626000068 626000284
626000183 626000191
626000002 626000032
626000203 626000229
626000273 626000040
626000264 626000056
626000208 626000183
626000035 626000264
313500299 313500212
313500212 313500202
313500299 313500144
313500090 313500101
313500110 313500034
313500126 313500043
313500050 313500131
313500155 313500169
313500167 313500037
313500112 313500220
313500068 313500014
313500148 313500092
313500105 313500111
313500148 313500012
313500046 313500234
313500027 313500096
313500197 313500239
313500049 313500195
313500082 313500138
313500047 313500243
313500223 313500173
313500286 313500024
313500055 313500192
313500193 313500221
313500280 313500056
313500141 313500099
313500069 313500040
313500190 313500225
313500203 313500089
313500236 313500248
313500074 313500015
313500095 313500271
313500253 313500143
313500217 313500086
313500032 313500264
157250029 157250007
157250188 157250066
157250082 157250242
157250009 157250026
157250215 157250288
157250081 157250055
157250086 157250201
157250146 157250027
157250125 157250048
157250168 157250113
157250047 157250241
157250127 157250141
157250263 157250131
157250035 157250180
157250268 157250119
157250195 157250048
157250177 157250082
157250113 157250258
157250023 157250173
157250284 157250237
157250160 157250116
157250043 157250297
157250017 157250189
157250024 157250193
157250288 157250191
157250005 157250035
157250183 157250183
157250175 157250146
157250013 157250262
157250025 157250281
157250080 157250271
157250028 157250256
157250052 157250193
157250265 157250126
157250065 157250300
79125115 79125277
79125116 79125209
79125273 79125184
79125097 79125048
79125076 79125085
79125238 79125081
79125171 79125121
79125263 79125045
79125018 79125028
79125058 79125094
79125008 79125189
79125064 79125087
79125196 79125115
79125031 79125161
79125292 79125148
79125212 79125106
79125124 79125027
79125015 79125096
79125262 79125163
79125196 79125038
79125299 79125133
79125170 79125169
79125005 79125184
79125266 79125022
79125211 79125023
79125115 79125270
79125212 79125230
79125057 79125159
79125096 79125139
79125019 79125088
79125286 79125283
79125245 79125109
79125009 79125259
79125257 79125271
79125174 79125152
40062560 40062672
40062536 40062729
40062541 40062541
40062612 40062558
40062614 40062575
40062580 40062781
40062544 40062543
40062710 40062652
40062754 40062506
40062791 40062772
40062593 40062776
40062754 40062537
40062637 40062515
40062548 40062645
40062537 40062773
40062796 40062648
40062644 40062583
40062576 40062736
40062623 40062739
40062545 40062789
40062513 40062677
40062769 40062557
40062719 40062730
40062760 40062672
40062735 40062750
40062696 40062579
40062778 40062701
40062668 40062614
40062767 40062767
40062510 40062555
40062739 40062505
40062702 40062634
40062639 40062529
40062622 40062514
40062768 40062666
20531252 20531282
20531292 20531272
20531338 20531263
20531501 20531350
20531486 20531436
20531299 20531433
20531266 20531328
20531386 20531433
20531493 20531404
20531451 20531502
20531459 20531389
20531258 20531412
20531523 20531397
20531441 20531396
20531410 20531460
20531261 20531411
20531491 20531355
20531484 20531331
20531419 20531434
20531430 20531354
20531371 20531478
20531289 20531387
20531308 20531424
20531321 20531550
20531277 20531522
20531502 20531537
20531412 20531261
20531399 20531436
20531407 20531341
20531281 20531266
20531550 20531344
20531478 20531490
20531448 20531411
20531270 20531316
20531347 20531449
221 217
179 259
105 288
184 176
287 263
199 290
249 60
1 149
298 209
291 28
277 290
121 256
282 70
117 53
187 265
4 108
181 234
66 286
221 2
213 259
264 163
249 212
274 1
113 271
209 103
299 185
145 171
141 178
241 9
230 127
273 233
286 205
218 104
242 138
105 154
97 68
68 97
31 42
97 195
12 5
50 62
190 194
233 82
71 225
90 52
103 62
37 89
266 254
192 208
144 48
113 240
115 233
36 197
274 132
92 37
188 141
99 77
86 83
158 208
7 299
11 109
112 47
249 78
1 192
37 196
239 201
135 105
133 222
54 158
105 145
195 292
37 45
121 174
127 30
81 185
29 91
45 140
190 294
269 242
237 57
137 228
10 23
84 194
244 137
52 100
33 298
91 121
42 263
294 220
293 126
104 73
269 148
212 210
193 233
151 130
41 287
57 50
61 192
244 4
29 47
103 113
44 245
234 137
208 227
56 200
105 159
24 125
58 235
34 251
219 184
80 260
222 188
9 282
79 4
37 159
50 191
272 145
135 205
281 94
183 88
45 39
298 68
163 56
55 196
58 273
79 189
284 52
76 293
33 206
48 121
117 98
11 88
242 198
44 275
291 278
114 36
17 112
103 179
219 157
127 276
130 205
164 113
9 291
157 93
248 205
214 64
54 224
203 47
121 246
73 112
224 187
199 292
298 1
170 268
158 296
243 39
253 106
203 13
96 112
105 95
