225 10000000000
5001000038 5001000064
5001000130 5001000276
5001000166 5001000202
5001000246 5001000184
5001000046 5001000258
5001000118 5001000132
5001000147 5001000125
5001000078 5001000208
5001000123 5001000186
5001000046 5001000156
5001000051 5001000084
5001000134 5001000021
5001000135 5001000082
5001000092 5001000028
5001000207 5001000115
5001000281 5001000244
2501000179 2501000162
2501000271 2501000044
2501000063 2501000269
2501000227 2501000160
2501000226 2501000096
2501000291 2501000124
2501000272 2501000069
2501000083 2501000094
2501000006 2501000128
2501000250 2501000056
2501000263 2501000083
2501000128 2501000097
2501000217 2501000219
2501000124 2501000123
2501000034 2501000156
2501000119 2501000212
1251000017 1251000141
1251000007 1251000080
1251000161 1251000285
1251000239 1251000086
1251000081 1251000282
1251000261 1251000052
1251000102 1251000043
1251000198 1251000159
1251000170 1251000147
1251000214 1251000132
1251000281 1251000041
1251000228 1251000197
1251000012 1251000104
1251000072 1251000097
1251000011 1251000242
1251000008 1251000028
626000134 626000014
626000159 626000295
626000298 626000097
626000132 626000130
626000130 626000093
626000234 626000231
626000135 626000131
626000089 626000057
626000029 626000054
626000240 626000009
626000147 626000220
626000258 626000158
626000075 626000081
626000254 626000085
626000074 626000013
626000112 626000207
313500078 313500270
313500201 313500127
313500119 313500085
313500257 313500300
313500177 313500242
313500231 313500063
313500072 313500071
313500119 313500100
313500177 313500111
313500108 313500023
313500030 313500117
313500232 313500104
313500197 313500237
313500188 313500270
313500001 313500052
313500229 313500078
157250073 157250129
157250256 157250191
157250213 157250264
157250191 157250141
157250205 157250173
157250204 157250276
157250295 157250074
157250127 157250171
157250184 157250235
157250245 157250265
157250103 157250228
157250068 157250300
157250164 157250008
157250021 157250216
157250059 157250249
157250293 157250131
79125130 79125249
79125074 79125094
79125212 79125016
79125235 79125169
79125240 79125190
79125144 79125234
79125263 79125271
79125157 79125199
79125257 79125101
79125163 79125059
79125081 79125283
79125110 79125296
79125290 79125131
79125212 79125100
79125131 79125204
79125282 79125260
40062704 40062607
40062606 40062668
40062622 40062592
40062536 40062561
40062781 40062731
40062795 40062795
40062753 40062703
40062745 40062709
40062555 40062608
40062520 40062635
40062642 40062629
40062631 40062631
40062511 40062542
40062782 40062642
40062797 40062763
40062653 40062753
20531320 20531260
20531422 20531493
20531351 20531457
20531254 20531331
20531439 20531300
20531378 20531392
20531254 20531322
20531352 20531308
20531481 20531371
20531443 20531322
20531252 20531325
20531504 20531262
20531418 20531485
20531455 20531466
20531500 20531360
20531418 20531321
119 39
65 272
297 68
104 186
169 231
79 172
55 180
282 37
53 226
109 54
300 114
117 219
101 74
134 102
235 2
172 105
92 236
76 141
56 180
78 276
162 156
200 216
87 181
253 139
158 113
244 209
278 61
127 78
186 260
231 120
13 154
224 157
90 300
297 197
231 74
224 92
229 175
60 67
107 64
206 264
228 201
172 205
261 298
35 146
10 265
17 74
119 241
230 260
292 226
208 222
51 183
13 31
58 124
98 164
187 55
180 114
255 51
71 268
101 105
165 162
121 182
235 239
122 217
250 113
194 157
86 245
40 150
275 149
274 124
12 212
178 191
26 133
294 148
152 94
252 16
7 124
197 241
115 18
157 64
182 51
273 19
