200 10000000000
5001000038 5001000064
5001000130 5001000276
5001000166 5001000202
5001000246 5001000184
5001000046 5001000258
5001000118 5001000132
5001000147 5001000125
5001000078 5001000208
5001000123 5001000186
5001000046 5001000156
5001000051 5001000084
5001000134 5001000021
5001000135 5001000082
5001000092 5001000028
2501000207 2501000115
2501000281 2501000244
2501000179 2501000162
2501000271 2501000044
2501000063 2501000269
2501000227 2501000160
2501000226 2501000096
2501000291 2501000124
2501000272 2501000069
2501000083 2501000094
2501000006 2501000128
2501000250 2501000056
2501000263 2501000083
2501000128 2501000097
1251000217 1251000219
1251000124 1251000123
1251000034 1251000156
1251000119 1251000212
1251000017 1251000141
1251000007 1251000080
1251000161 1251000285
1251000239 1251000086
1251000081 1251000282
1251000261 1251000052
1251000102 1251000043
1251000198 1251000159
1251000170 1251000147
1251000214 1251000132
626000281 626000041
626000228 626000197
626000012 626000104
626000072 626000097
626000011 626000242
626000008 626000028
626000134 626000014
626000159 626000295
626000298 626000097
626000132 626000130
626000130 626000093
626000234 626000231
626000135 626000131
626000089 626000057
313500029 313500054
313500240 313500009
313500147 313500220
313500258 313500158
313500075 313500081
313500254 313500085
313500074 313500013
313500112 313500207
313500078 313500270
313500201 313500127
313500119 313500085
313500257 313500300
313500177 313500242
313500231 313500063
157250072 157250071
157250119 157250100
157250177 157250111
157250108 157250023
157250030 157250117
157250232 157250104
157250197 157250237
157250188 157250270
157250001 157250052
157250229 157250078
157250073 157250129
157250256 157250191
157250213 157250264
157250191 157250141
79125205 79125173
79125204 79125276
79125295 79125074
79125127 79125171
79125184 79125235
79125245 79125265
79125103 79125228
79125068 79125300
79125164 79125008
79125021 79125216
79125059 79125249
79125293 79125131
79125130 79125249
79125074 79125094
40062712 40062516
40062735 40062669
40062740 40062690
40062644 40062734
40062763 40062771
40062657 40062699
40062757 40062601
40062663 40062559
40062581 40062783
40062610 40062796
40062790 40062631
40062712 40062600
40062631 40062704
40062782 40062760
20531454 20531357
20531356 20531418
20531372 20531342
20531286 20531311
20531531 20531481
20531545 20531545
20531503 20531453
20531495 20531459
20531305 20531358
20531270 20531385
20531392 20531379
20531381 20531381
20531261 20531292
20531532 20531392
297 263
153 253
70 10
172 243
101 207
4 81
189 50
128 142
4 72
102 58
231 121
193 72
2 75
254 12
168 235
205 216
250 110
168 71
119 39
65 272
297 68
104 186
169 231
79 172
55 180
282 37
53 226
109 54
300 114
117 219
101 74
134 102
235 2
172 105
92 236
76 141
56 180
78 276
162 156
200 216
87 181
253 139
158 113
244 209
278 61
127 78
186 260
231 120
13 154
224 157
90 300
297 197
231 74
224 92
229 175
60 67
107 64
206 264
228 201
172 205
261 298
35 146
10 265
17 74
119 241
230 260
292 226
208 222
51 183
13 31
58 124
98 164
187 55
180 114
