175 10000000000
5001000038 5001000064
5001000130 5001000276
5001000166 5001000202
5001000246 5001000184
5001000046 5001000258
5001000118 5001000132
5001000147 5001000125
5001000078 5001000208
5001000123 5001000186
5001000046 5001000156
5001000051 5001000084
5001000134 5001000021
5001000135 5001000082
2501000092 2501000028
2501000207 2501000115
2501000281 2501000244
2501000179 2501000162
2501000271 2501000044
2501000063 2501000269
2501000227 2501000160
2501000226 2501000096
2501000291 2501000124
2501000272 2501000069
2501000083 2501000094
2501000006 2501000128
2501000250 2501000056
1251000263 1251000083
1251000128 1251000097
1251000217 1251000219
1251000124 1251000123
1251000034 1251000156
1251000119 1251000212
1251000017 1251000141
1251000007 1251000080
1251000161 1251000285
1251000239 1251000086
1251000081 1251000282
1251000261 1251000052
1251000102 1251000043
626000198 626000159
626000170 626000147
626000214 626000132
626000281 626000041
626000228 626000197
626000012 626000104
626000072 626000097
626000011 626000242
626000008 626000028
626000134 626000014
626000159 626000295
626000298 626000097
626000132 626000130
313500130 313500093
313500234 313500231
313500135 313500131
313500089 313500057
313500029 313500054
313500240 313500009
313500147 313500220
313500258 313500158
313500075 313500081
313500254 313500085
313500074 313500013
313500112 313500207
313500078 313500270
157250201 157250127
157250119 157250085
157250257 157250300
157250177 157250242
157250231 157250063
157250072 157250071
157250119 157250100
157250177 157250111
157250108 157250023
157250030 157250117
157250232 157250104
157250197 157250237
157250188 157250270
79125001 79125052
79125229 79125078
79125073 79125129
79125256 79125191
79125213 79125264
79125191 79125141
79125205 79125173
79125204 79125276
79125295 79125074
79125127 79125171
79125184 79125235
79125245 79125265
79125103 79125228
40062568 40062800
40062664 40062508
40062521 40062716
40062559 40062749
40062793 40062631
40062630 40062749
40062574 40062594
40062712 40062516
40062735 40062669
40062740 40062690
40062644 40062734
40062763 40062771
40062657 40062699
20531507 20531351
20531413 20531309
20531331 20531533
20531360 20531546
20531540 20531381
20531462 20531350
20531381 20531454
20531532 20531510
20531454 20531357
20531356 20531418
20531372 20531342
20531286 20531311
20531531 20531481
295 295
253 203
245 209
55 108
20 135
142 129
131 131
11 42
282 142
297 263
153 253
70 10
172 243
101 207
4 81
189 50
128 142
4 72
102 58
231 121
193 72
2 75
254 12
168 235
205 216
250 110
168 71
119 39
65 272
297 68
104 186
169 231
79 172
55 180
282 37
53 226
109 54
300 114
117 219
101 74
134 102
235 2
172 105
92 236
76 141
56 180
78 276
162 156
200 216
87 181
253 139
158 113
244 209
278 61
127 78
186 260
231 120
13 154
