100 10000000000
5001000038 5001000064
5001000130 5001000276
5001000166 5001000202
5001000246 5001000184
5001000046 5001000258
5001000118 5001000132
5001000147 5001000125
2501000078 2501000208
2501000123 2501000186
2501000046 2501000156
2501000051 2501000084
2501000134 2501000021
2501000135 2501000082
2501000092 2501000028
1251000207 1251000115
1251000281 1251000244
1251000179 1251000162
1251000271 1251000044
1251000063 1251000269
1251000227 1251000160
1251000226 1251000096
626000291 626000124
626000272 626000069
626000083 626000094
626000006 626000128
626000250 626000056
626000263 626000083
626000128 626000097
313500217 313500219
313500124 313500123
313500034 313500156
313500119 313500212
313500017 313500141
313500007 313500080
313500161 313500285
157250239 157250086
157250081 157250282
157250261 157250052
157250102 157250043
157250198 157250159
157250170 157250147
157250214 157250132
79125281 79125041
79125228 79125197
79125012 79125104
79125072 79125097
79125011 79125242
79125008 79125028
79125134 79125014
40062659 40062795
40062798 40062597
40062632 40062630
40062630 40062593
40062734 40062731
40062635 40062631
40062589 40062557
20531279 20531304
20531490 20531259
20531397 20531470
20531508 20531408
20531325 20531331
20531504 20531335
20531324 20531263
112 207
78 270
201 127
119 85
257 300
177 242
231 63
72 71
119 100
177 111
108 23
30 117
232 104
197 237
188 270
1 52
229 78
73 129
256 191
213 264
191 141
205 173
204 276
295 74
127 171
184 235
245 265
103 228
68 300
164 8
21 216
59 249
293 131
130 249
74 94
212 16
235 169
