550 10000000000
5001000086 5001000102
5001000046 5001000205
5001000074 5001000288
5001000121 5001000205
5001000241 5001000157
5001000218 5001000140
5001000058 5001000098
5001000104 5001000199
5001000053 5001000157
5001000216 5001000079
5001000007 5001000157
5001000261 5001000008
5001000006 5001000075
5001000285 5001000216
5001000190 5001000045
5001000251 5001000027
5001000146 5001000048
5001000284 5001000271
5001000035 5001000156
5001000227 5001000275
5001000012 5001000144
5001000166 5001000070
5001000293 5001000021
5001000020 5001000097
5001000177 5001000287
5001000176 5001000236
5001000143 5001000136
5001000295 5001000148
5001000263 5001000032
5001000115 5001000204
5001000128 5001000065
5001000231 5001000273
5001000112 5001000214
5001000295 5001000199
5001000121 5001000222
5001000173 5001000133
5001000117 5001000091
5001000254 5001000110
5001000111 5001000025
5001000206 5001000040
2501000011 2501000133
2501000027 2501000153
2501000021 2501000021
2501000053 2501000283
2501000104 2501000167
2501000186 2501000231
2501000232 2501000168
2501000255 2501000095
2501000133 2501000002
2501000293 2501000254
2501000223 2501000218
2501000138 2501000091
2501000008 2501000143
2501000200 2501000170
2501000167 2501000158
2501000209 2501000177
2501000042 2501000287
2501000081 2501000062
2501000008 2501000133
2501000044 2501000163
2501000300 2501000282
2501000146 2501000283
2501000201 2501000100
2501000077 2501000086
2501000101 2501000070
2501000039 2501000075
2501000287 2501000228
2501000166 2501000046
2501000070 2501000117
2501000215 2501000288
2501000026 2501000176
2501000216 2501000068
2501000162 2501000296
2501000129 2501000221
2501000181 2501000225
2501000084 2501000180
2501000258 2501000229
2501000214 2501000210
2501000080 2501000290
2501000295 2501000181
1251000111 1251000085
1251000007 1251000097
1251000012 1251000224
1251000194 1251000133
1251000093 1251000109
1251000172 1251000118
1251000284 1251000087
1251000237 1251000145
1251000135 1251000066
1251000066 1251000015
1251000042 1251000201
1251000246 1251000051
1251000129 1251000159
1251000260 1251000208
1251000200 1251000255
1251000140 1251000011
1251000039 1251000199
1251000159 1251000051
1251000122 1251000053
1251000235 1251000214
1251000161 1251000107
1251000032 1251000196
1251000193 1251000020
1251000040 1251000079
1251000137 1251000157
1251000093 1251000178
1251000057 1251000038
1251000228 1251000237
1251000248 1251000188
1251000145 1251000148
1251000194 1251000036
1251000158 1251000232
1251000234 1251000068
1251000034 1251000056
1251000120 1251000269
1251000021 1251000032
1251000127 1251000104
1251000227 1251000071
1251000124 1251000019
1251000150 1251000260
626000175 626000242
626000138 626000284
626000032 626000117
626000220 626000279
626000056 626000116
626000126 626000249
626000152 626000035
626000181 626000137
626000103 626000214
626000244 626000274
626000234 626000265
626000006 626000060
626000068 626000284
626000183 626000191
626000002 626000032
626000203 626000229
626000273 626000040
626000264 626000056
626000208 626000183
626000035 626000264
626000299 626000212
626000212 626000202
626000299 626000144
626000090 626000101
626000110 626000034
626000126 626000043
626000050 626000131
626000155 626000169
626000167 626000037
626000112 626000220
626000068 626000014
626000148 626000092
626000105 626000111
626000148 626000012
626000046 626000234
626000027 626000096
626000197 626000239
626000049 626000195
626000082 626000138
626000047 626000243
313500223 313500173
313500286 313500024
313500055 313500192
313500193 313500221
313500280 313500056
313500141 313500099
313500069 313500040
313500190 313500225
313500203 313500089
313500236 313500248
313500074 313500015
313500095 313500271
313500253 313500143
313500217 313500086
313500032 313500264
313500029 313500007
313500188 313500066
313500082 313500242
313500009 313500026
313500215 313500288
313500081 313500055
313500086 313500201
313500146 313500027
313500125 313500048
313500168 313500113
313500047 313500241
313500127 313500141
313500263 313500131
313500035 313500180
313500268 313500119
313500195 313500048
313500177 313500082
313500113 313500258
313500023 313500173
313500284 313500237
313500160 313500116
313500043 313500297
313500017 313500189
313500024 313500193
313500288 313500191
157250005 157250035
157250183 157250183
157250175 157250146
157250013 157250262
157250025 157250281
157250080 157250271
157250028 157250256
157250052 157250193
157250265 157250126
157250065 157250300
157250115 157250277
157250116 157250209
157250273 157250184
157250097 157250048
157250076 157250085
157250238 157250081
157250171 157250121
157250263 157250045
157250018 157250028
157250058 157250094
157250008 157250189
157250064 157250087
157250196 157250115
157250031 157250161
157250292 157250148
157250212 157250106
157250124 157250027
157250015 157250096
157250262 157250163
157250196 157250038
157250299 157250133
157250170 157250169
157250005 157250184
157250266 157250022
157250211 157250023
157250115 157250270
157250212 157250230
157250057 157250159
157250096 157250139
157250019 157250088
79125286 79125283
79125245 79125109
79125009 79125259
79125257 79125271
79125174 79125152
79125060 79125172
79125036 79125229
79125041 79125041
79125112 79125058
79125114 79125075
79125080 79125281
79125044 79125043
79125210 79125152
79125254 79125006
79125291 79125272
79125093 79125276
79125254 79125037
79125137 79125015
79125048 79125145
79125037 79125273
79125296 79125148
79125144 79125083
79125076 79125236
79125123 79125239
79125045 79125289
79125013 79125177
79125269 79125057
79125219 79125230
79125260 79125172
79125235 79125250
79125196 79125079
79125278 79125201
79125168 79125114
79125267 79125267
79125010 79125055
79125239 79125005
79125202 79125134
79125139 79125029
79125122 79125014
79125268 79125166
40062502 40062532
40062542 40062522
40062588 40062513
40062751 40062600
40062736 40062686
40062549 40062683
40062516 40062578
40062636 40062683
40062743 40062654
40062701 40062752
40062709 40062639
40062508 40062662
40062773 40062647
40062691 40062646
40062660 40062710
40062511 40062661
40062741 40062605
40062734 40062581
40062669 40062684
40062680 40062604
40062621 40062728
40062539 40062637
40062558 40062674
40062571 40062800
40062527 40062772
40062752 40062787
40062662 40062511
40062649 40062686
40062657 40062591
40062531 40062516
40062800 40062594
40062728 40062740
40062698 40062661
40062520 40062566
40062597 40062699
40062721 40062717
40062679 40062759
40062605 40062788
40062684 40062676
40062787 40062763
20531449 20531540
20531499 20531310
20531251 20531399
20531548 20531459
20531541 20531278
20531527 20531540
20531371 20531506
20531532 20531320
20531367 20531303
20531437 20531515
20531254 20531358
20531431 20531484
20531316 20531536
20531471 20531252
20531463 20531509
20531514 20531413
20531499 20531462
20531524 20531251
20531363 20531521
20531459 20531353
20531549 20531435
20531395 20531421
20531391 20531428
20531491 20531259
20531480 20531377
20531523 20531483
20531536 20531455
20531468 20531354
20531492 20531388
20531355 20531404
20531347 20531318
20531318 20531347
20531281 20531292
20531347 20531445
20531262 20531255
20531300 20531312
20531440 20531444
20531483 20531332
20531321 20531475
20531340 20531302
103 62
37 89
266 254
192 208
144 48
113 240
115 233
36 197
274 132
92 37
188 141
99 77
86 83
158 208
7 299
11 109
112 47
249 78
1 192
37 196
239 201
135 105
133 222
54 158
105 145
195 292
37 45
121 174
127 30
81 185
29 91
45 140
190 294
269 242
237 57
137 228
10 23
84 194
244 137
52 100
33 298
91 121
42 263
294 220
293 126
104 73
269 148
212 210
193 233
151 130
41 287
57 50
61 192
244 4
29 47
103 113
44 245
234 137
208 227
56 200
105 159
24 125
58 235
34 251
219 184
80 260
222 188
9 282
79 4
37 159
50 191
272 145
135 205
281 94
183 88
45 39
298 68
163 56
55 196
58 273
79 189
284 52
76 293
33 206
48 121
117 98
11 88
242 198
44 275
291 278
114 36
17 112
103 179
219 157
127 276
130 205
164 113
9 291
157 93
248 205
214 64
54 224
203 47
121 246
73 112
224 187
199 292
298 1
170 268
158 296
243 39
253 106
203 13
96 112
105 95
68 18
159 173
294 61
219 166
59 44
277 34
230 175
77 279
228 298
246 85
46 188
175 298
45 129
62 192
240 166
286 7
236 196
179 229
257 150
94 67
245 123
152 174
49 228
204 276
225 201
112 270
140 38
19 184
167 80
75 106
246 112
165 181
8 95
161 16
296 254
134 240
128 285
165 177
264 68
204 188
20 68
210 159
105 228
42 23
60 168
181 57
32 45
289 39
191 149
106 239
154 239
178 34
223 95
262 238
214 165
125 234
284 86
92 141
66 186
163 125
105 43
233 136
139 221
226 82
121 31
20 26
269 249
59 243
43 20
180 257
237 57
190 220
194 33
60 259
218 275
