625 10000000000
5001000086 5001000102
5001000046 5001000205
5001000074 5001000288
5001000121 5001000205
5001000241 5001000157
5001000218 5001000140
5001000058 5001000098
5001000104 5001000199
5001000053 5001000157
5001000216 5001000079
5001000007 5001000157
5001000261 5001000008
5001000006 5001000075
5001000285 5001000216
5001000190 5001000045
5001000251 5001000027
5001000146 5001000048
5001000284 5001000271
5001000035 5001000156
5001000227 5001000275
5001000012 5001000144
5001000166 5001000070
5001000293 5001000021
5001000020 5001000097
5001000177 5001000287
5001000176 5001000236
5001000143 5001000136
5001000295 5001000148
5001000263 5001000032
5001000115 5001000204
5001000128 5001000065
5001000231 5001000273
5001000112 5001000214
5001000295 5001000199
5001000121 5001000222
5001000173 5001000133
5001000117 5001000091
5001000254 5001000110
5001000111 5001000025
5001000206 5001000040
5001000011 5001000133
5001000027 5001000153
5001000021 5001000021
5001000053 5001000283
5001000104 5001000167
5001000186 5001000231
2501000232 2501000168
2501000255 2501000095
2501000133 2501000002
2501000293 2501000254
2501000223 2501000218
2501000138 2501000091
2501000008 2501000143
2501000200 2501000170
2501000167 2501000158
2501000209 2501000177
2501000042 2501000287
2501000081 2501000062
2501000008 2501000133
2501000044 2501000163
2501000300 2501000282
2501000146 2501000283
2501000201 2501000100
2501000077 2501000086
2501000101 2501000070
2501000039 2501000075
2501000287 2501000228
2501000166 2501000046
2501000070 2501000117
2501000215 2501000288
2501000026 2501000176
2501000216 2501000068
2501000162 2501000296
2501000129 2501000221
2501000181 2501000225
2501000084 2501000180
2501000258 2501000229
2501000214 2501000210
2501000080 2501000290
2501000295 2501000181
2501000111 2501000085
2501000007 2501000097
2501000012 2501000224
2501000194 2501000133
2501000093 2501000109
2501000172 2501000118
2501000284 2501000087
2501000237 2501000145
2501000135 2501000066
2501000066 2501000015
2501000042 2501000201
2501000246 2501000051
1251000129 1251000159
1251000260 1251000208
1251000200 1251000255
1251000140 1251000011
1251000039 1251000199
1251000159 1251000051
1251000122 1251000053
1251000235 1251000214
1251000161 1251000107
1251000032 1251000196
1251000193 1251000020
1251000040 1251000079
1251000137 1251000157
1251000093 1251000178
1251000057 1251000038
1251000228 1251000237
1251000248 1251000188
1251000145 1251000148
1251000194 1251000036
1251000158 1251000232
1251000234 1251000068
1251000034 1251000056
1251000120 1251000269
1251000021 1251000032
1251000127 1251000104
1251000227 1251000071
1251000124 1251000019
1251000150 1251000260
1251000175 1251000242
1251000138 1251000284
1251000032 1251000117
1251000220 1251000279
1251000056 1251000116
1251000126 1251000249
1251000152 1251000035
1251000181 1251000137
1251000103 1251000214
1251000244 1251000274
1251000234 1251000265
1251000006 1251000060
1251000068 1251000284
1251000183 1251000191
1251000002 1251000032
1251000203 1251000229
1251000273 1251000040
1251000264 1251000056
626000208 626000183
626000035 626000264
626000299 626000212
626000212 626000202
626000299 626000144
626000090 626000101
626000110 626000034
626000126 626000043
626000050 626000131
626000155 626000169
626000167 626000037
626000112 626000220
626000068 626000014
626000148 626000092
626000105 626000111
626000148 626000012
626000046 626000234
626000027 626000096
626000197 626000239
626000049 626000195
626000082 626000138
626000047 626000243
626000223 626000173
626000286 626000024
626000055 626000192
626000193 626000221
626000280 626000056
626000141 626000099
626000069 626000040
626000190 626000225
626000203 626000089
626000236 626000248
626000074 626000015
626000095 626000271
626000253 626000143
626000217 626000086
626000032 626000264
626000029 626000007
626000188 626000066
626000082 626000242
626000009 626000026
626000215 626000288
626000081 626000055
626000086 626000201
626000146 626000027
626000125 626000048
313500168 313500113
313500047 313500241
313500127 313500141
313500263 313500131
313500035 313500180
313500268 313500119
313500195 313500048
313500177 313500082
313500113 313500258
313500023 313500173
313500284 313500237
313500160 313500116
313500043 313500297
313500017 313500189
313500024 313500193
313500288 313500191
313500005 313500035
313500183 313500183
313500175 313500146
313500013 313500262
313500025 313500281
313500080 313500271
313500028 313500256
313500052 313500193
313500265 313500126
313500065 313500300
313500115 313500277
313500116 313500209
313500273 313500184
313500097 313500048
313500076 313500085
313500238 313500081
313500171 313500121
313500263 313500045
313500018 313500028
313500058 313500094
313500008 313500189
313500064 313500087
313500196 313500115
313500031 313500161
313500292 313500148
313500212 313500106
313500124 313500027
313500015 313500096
313500262 313500163
313500196 313500038
157250299 157250133
157250170 157250169
157250005 157250184
157250266 157250022
157250211 157250023
157250115 157250270
157250212 157250230
157250057 157250159
157250096 157250139
157250019 157250088
157250286 157250283
157250245 157250109
157250009 157250259
157250257 157250271
157250174 157250152
157250060 157250172
157250036 157250229
157250041 157250041
157250112 157250058
157250114 157250075
157250080 157250281
157250044 157250043
157250210 157250152
157250254 157250006
157250291 157250272
157250093 157250276
157250254 157250037
157250137 157250015
157250048 157250145
157250037 157250273
157250296 157250148
157250144 157250083
157250076 157250236
157250123 157250239
157250045 157250289
157250013 157250177
157250269 157250057
157250219 157250230
157250260 157250172
157250235 157250250
157250196 157250079
157250278 157250201
157250168 157250114
157250267 157250267
157250010 157250055
157250239 157250005
79125202 79125134
79125139 79125029
79125122 79125014
79125268 79125166
79125002 79125032
79125042 79125022
79125088 79125013
79125251 79125100
79125236 79125186
79125049 79125183
79125016 79125078
79125136 79125183
79125243 79125154
79125201 79125252
79125209 79125139
79125008 79125162
79125273 79125147
79125191 79125146
79125160 79125210
79125011 79125161
79125241 79125105
79125234 79125081
79125169 79125184
79125180 79125104
79125121 79125228
79125039 79125137
79125058 79125174
79125071 79125300
79125027 79125272
79125252 79125287
79125162 79125011
79125149 79125186
79125157 79125091
79125031 79125016
79125300 79125094
79125228 79125240
79125198 79125161
79125020 79125066
79125097 79125199
79125221 79125217
79125179 79125259
79125105 79125288
79125184 79125176
79125287 79125263
79125199 79125290
79125249 79125060
40062501 40062649
40062798 40062709
40062791 40062528
40062777 40062790
40062621 40062756
40062782 40062570
40062617 40062553
40062687 40062765
40062504 40062608
40062681 40062734
40062566 40062786
40062721 40062502
40062713 40062759
40062764 40062663
40062749 40062712
40062774 40062501
40062613 40062771
40062709 40062603
40062799 40062685
40062645 40062671
40062641 40062678
40062741 40062509
40062730 40062627
40062773 40062733
40062786 40062705
40062718 40062604
40062742 40062638
40062605 40062654
40062597 40062568
40062568 40062597
40062531 40062542
40062597 40062695
40062512 40062505
40062550 40062562
40062690 40062694
40062733 40062582
40062571 40062725
40062590 40062552
40062603 40062562
40062537 40062589
40062766 40062754
40062692 40062708
40062644 40062548
40062613 40062740
40062615 40062733
40062536 40062697
20531524 20531382
20531342 20531287
20531438 20531391
20531349 20531327
20531336 20531333
20531408 20531458
20531257 20531549
20531261 20531359
20531362 20531297
20531499 20531328
20531251 20531442
20531287 20531446
20531489 20531451
20531385 20531355
20531383 20531472
20531304 20531408
20531355 20531395
20531445 20531542
20531287 20531295
20531371 20531424
20531377 20531280
20531331 20531435
20531279 20531341
20531295 20531390
20531440 20531544
20531519 20531492
20531487 20531307
20531387 20531478
20531260 20531273
20531334 20531444
20531494 20531387
20531302 20531350
20531283 20531548
20531341 20531371
20531292 20531513
20531544 20531470
20531543 20531376
20531354 20531323
20531519 20531398
20531462 20531460
20531443 20531483
20531401 20531380
20531291 20531537
20531307 20531300
20531311 20531442
20531494 20531254
29 47
103 113
44 245
234 137
208 227
56 200
105 159
24 125
58 235
34 251
219 184
80 260
222 188
9 282
79 4
37 159
50 191
272 145
135 205
281 94
183 88
45 39
298 68
163 56
55 196
58 273
79 189
284 52
76 293
33 206
48 121
117 98
11 88
242 198
44 275
291 278
114 36
17 112
103 179
219 157
127 276
130 205
164 113
9 291
157 93
248 205
214 64
54 224
203 47
121 246
73 112
224 187
199 292
298 1
170 268
158 296
243 39
253 106
203 13
96 112
105 95
68 18
159 173
294 61
219 166
59 44
277 34
230 175
77 279
228 298
246 85
46 188
175 298
45 129
62 192
240 166
286 7
236 196
179 229
257 150
94 67
245 123
152 174
49 228
204 276
225 201
112 270
140 38
19 184
167 80
75 106
246 112
165 181
8 95
161 16
296 254
134 240
128 285
165 177
264 68
204 188
20 68
210 159
105 228
42 23
60 168
181 57
32 45
289 39
191 149
106 239
154 239
178 34
223 95
262 238
214 165
125 234
284 86
92 141
66 186
163 125
105 43
233 136
139 221
226 82
121 31
20 26
269 249
59 243
43 20
180 257
237 57
190 220
194 33
60 259
218 275
135 75
17 67
262 208
39 188
289 211
270 8
237 291
8 47
285 51
119 217
59 107
273 300
26 166
32 138
177 2
112 11
128 180
130 89
87 168
28 127
79 50
186 67
40 194
165 24
296 283
292 54
89 16
105 167
234 136
56 110
189 219
120 68
98 249
157 237
169 236
63 299
285 249
65 24
194 281
100 189
264 91
242 104
107 46
22 92
233 77
201 174
47 72
241 197
21 149
133 241
85 247
239 69
247 55
145 140
35 296
80 50
138 21
206 296
118 227
87 103
56 287
28 102
59 20
50 131
169 182
71 5
181 61
125 179
115 21
71 201
16 150
3 206
223 208
201 40
186 288
