375 10000000000
5001000038 5001000064
5001000130 5001000276
5001000166 5001000202
5001000246 5001000184
5001000046 5001000258
5001000118 5001000132
5001000147 5001000125
5001000078 5001000208
5001000123 5001000186
5001000046 5001000156
5001000051 5001000084
5001000134 5001000021
5001000135 5001000082
5001000092 5001000028
5001000207 5001000115
5001000281 5001000244
5001000179 5001000162
5001000271 5001000044
5001000063 5001000269
5001000227 5001000160
5001000226 5001000096
5001000291 5001000124
5001000272 5001000069
5001000083 5001000094
5001000006 5001000128
5001000250 5001000056
5001000263 5001000083
2501000128 2501000097
2501000217 2501000219
2501000124 2501000123
2501000034 2501000156
2501000119 2501000212
2501000017 2501000141
2501000007 2501000080
2501000161 2501000285
2501000239 2501000086
2501000081 2501000282
2501000261 2501000052
2501000102 2501000043
2501000198 2501000159
2501000170 2501000147
2501000214 2501000132
2501000281 2501000041
2501000228 2501000197
2501000012 2501000104
2501000072 2501000097
2501000011 2501000242
2501000008 2501000028
2501000134 2501000014
2501000159 2501000295
2501000298 2501000097
2501000132 2501000130
2501000130 2501000093
2501000234 2501000231
1251000135 1251000131
1251000089 1251000057
1251000029 1251000054
1251000240 1251000009
1251000147 1251000220
1251000258 1251000158
1251000075 1251000081
1251000254 1251000085
1251000074 1251000013
1251000112 1251000207
1251000078 1251000270
1251000201 1251000127
1251000119 1251000085
1251000257 1251000300
1251000177 1251000242
1251000231 1251000063
1251000072 1251000071
1251000119 1251000100
1251000177 1251000111
1251000108 1251000023
1251000030 1251000117
1251000232 1251000104
1251000197 1251000237
1251000188 1251000270
1251000001 1251000052
1251000229 1251000078
1251000073 1251000129
626000256 626000191
626000213 626000264
626000191 626000141
626000205 626000173
626000204 626000276
626000295 626000074
626000127 626000171
626000184 626000235
626000245 626000265
626000103 626000228
626000068 626000300
626000164 626000008
626000021 626000216
626000059 626000249
626000293 626000131
626000130 626000249
626000074 626000094
626000212 626000016
626000235 626000169
626000240 626000190
626000144 626000234
626000263 626000271
626000157 626000199
626000257 626000101
626000163 626000059
626000081 626000283
626000110 626000296
313500290 313500131
313500212 313500100
313500131 313500204
313500282 313500260
313500204 313500107
313500106 313500168
313500122 313500092
313500036 313500061
313500281 313500231
313500295 313500295
313500253 313500203
313500245 313500209
313500055 313500108
313500020 313500135
313500142 313500129
313500131 313500131
313500011 313500042
313500282 313500142
313500297 313500263
313500153 313500253
313500070 313500010
313500172 313500243
313500101 313500207
313500004 313500081
313500189 313500050
313500128 313500142
313500004 313500072
157250102 157250058
157250231 157250121
157250193 157250072
157250002 157250075
157250254 157250012
157250168 157250235
157250205 157250216
157250250 157250110
157250168 157250071
157250119 157250039
157250065 157250272
157250297 157250068
157250104 157250186
157250169 157250231
157250079 157250172
157250055 157250180
157250282 157250037
157250053 157250226
157250109 157250054
157250300 157250114
157250117 157250219
157250101 157250074
157250134 157250102
157250235 157250002
157250172 157250105
157250092 157250236
157250076 157250141
79125056 79125180
79125078 79125276
79125162 79125156
79125200 79125216
79125087 79125181
79125253 79125139
79125158 79125113
79125244 79125209
79125278 79125061
79125127 79125078
79125186 79125260
79125231 79125120
79125013 79125154
79125224 79125157
79125090 79125300
79125297 79125197
79125231 79125074
79125224 79125092
79125229 79125175
79125060 79125067
79125107 79125064
79125206 79125264
79125228 79125201
79125172 79125205
79125261 79125298
79125035 79125146
79125010 79125265
40062517 40062574
40062619 40062741
40062730 40062760
40062792 40062726
40062708 40062722
40062551 40062683
40062513 40062531
40062558 40062624
40062598 40062664
40062687 40062555
40062680 40062614
40062755 40062551
40062571 40062768
40062601 40062605
40062665 40062662
40062621 40062682
40062735 40062739
40062622 40062717
40062750 40062613
40062694 40062657
40062586 40062745
40062540 40062650
40062775 40062649
40062774 40062624
40062512 40062712
40062678 40062691
40062526 40062633
20531544 20531398
20531402 20531344
20531502 20531266
20531257 20531374
20531447 20531491
20531365 20531268
20531407 20531314
20531432 20531301
20531523 20531269
20531297 20531314
20531419 20531271
20531462 20531444
20531447 20531525
20531355 20531324
20531468 20531432
20531508 20531461
20531279 20531359
20531306 20531282
20531375 20531312
20531406 20531323
20531304 20531520
20531393 20531461
20531335 20531326
20531263 20531307
20531345 20531309
20531370 20531513
20531381 20531333
208 27
58 12
153 275
194 162
237 274
271 44
6 147
157 213
271 210
234 113
172 18
189 184
127 283
294 246
297 125
81 204
203 138
215 55
164 160
217 152
134 239
195 191
137 51
103 107
12 36
220 184
105 160
67 231
142 61
229 190
237 9
93 139
198 59
246 61
219 162
264 104
152 158
294 40
260 148
146 271
235 117
154 39
276 273
22 169
85 250
58 73
258 202
211 207
261 156
267 231
69 230
34 272
139 79
11 150
226 157
172 212
25 26
250 1
50 23
221 186
272 279
258 281
180 168
187 192
76 205
122 196
186 207
168 76
285 178
225 262
86 97
225 111
174 227
163 275
249 135
160 221
165 169
253 97
88 192
288 163
148 162
111 34
68 30
161 105
207 138
118 45
286 43
207 159
269 121
185 217
255 96
189 120
264 194
216 51
85 255
266 232
116 128
17 236
157 178
40 115
15 157
159 300
251 117
210 271
237 146
188 244
241 128
115 256
21 82
6 157
36 23
89 204
150 157
139 58
34 178
173 100
86 31
99 89
200 60
59 136
205 298
131 197
126 245
152 198
26 210
55 114
284 195
17 134
103 155
243 137
84 115
288 169
