150 10000000000
5001000038 5001000064
5001000130 5001000276
5001000166 5001000202
5001000246 5001000184
5001000046 5001000258
5001000118 5001000132
5001000147 5001000125
5001000078 5001000208
5001000123 5001000186
5001000046 5001000156
5001000051 5001000084
2501000134 2501000021
2501000135 2501000082
2501000092 2501000028
2501000207 2501000115
2501000281 2501000244
2501000179 2501000162
2501000271 2501000044
2501000063 2501000269
2501000227 2501000160
2501000226 2501000096
2501000291 2501000124
1251000272 1251000069
1251000083 1251000094
1251000006 1251000128
1251000250 1251000056
1251000263 1251000083
1251000128 1251000097
1251000217 1251000219
1251000124 1251000123
1251000034 1251000156
1251000119 1251000212
1251000017 1251000141
626000007 626000080
626000161 626000285
626000239 626000086
626000081 626000282
626000261 626000052
626000102 626000043
626000198 626000159
626000170 626000147
626000214 626000132
626000281 626000041
626000228 626000197
313500012 313500104
313500072 313500097
313500011 313500242
313500008 313500028
313500134 313500014
313500159 313500295
313500298 313500097
313500132 313500130
313500130 313500093
313500234 313500231
313500135 313500131
157250089 157250057
157250029 157250054
157250240 157250009
157250147 157250220
157250258 157250158
157250075 157250081
157250254 157250085
157250074 157250013
157250112 157250207
157250078 157250270
157250201 157250127
79125119 79125085
79125257 79125300
79125177 79125242
79125231 79125063
79125072 79125071
79125119 79125100
79125177 79125111
79125108 79125023
79125030 79125117
79125232 79125104
79125197 79125237
40062688 40062770
40062501 40062552
40062729 40062578
40062573 40062629
40062756 40062691
40062713 40062764
40062691 40062641
40062705 40062673
40062704 40062776
40062795 40062574
40062627 40062671
20531434 20531485
20531495 20531515
20531353 20531478
20531318 20531550
20531414 20531258
20531271 20531466
20531309 20531499
20531543 20531381
20531380 20531499
20531324 20531344
20531462 20531266
235 169
240 190
144 234
263 271
157 199
257 101
163 59
81 283
110 296
290 131
212 100
131 204
282 260
204 107
106 168
122 92
36 61
281 231
295 295
253 203
245 209
55 108
20 135
142 129
131 131
11 42
282 142
297 263
153 253
70 10
172 243
101 207
4 81
189 50
128 142
4 72
102 58
231 121
193 72
2 75
254 12
168 235
205 216
250 110
168 71
119 39
65 272
297 68
104 186
169 231
79 172
