125 10000000000
5001000038 5001000064
5001000130 5001000276
5001000166 5001000202
5001000246 5001000184
5001000046 5001000258
5001000118 5001000132
5001000147 5001000125
5001000078 5001000208
5001000123 5001000186
2501000046 2501000156
2501000051 2501000084
2501000134 2501000021
2501000135 2501000082
2501000092 2501000028
2501000207 2501000115
2501000281 2501000244
2501000179 2501000162
2501000271 2501000044
1251000063 1251000269
1251000227 1251000160
1251000226 1251000096
1251000291 1251000124
1251000272 1251000069
1251000083 1251000094
1251000006 1251000128
1251000250 1251000056
1251000263 1251000083
626000128 626000097
626000217 626000219
626000124 626000123
626000034 626000156
626000119 626000212
626000017 626000141
626000007 626000080
626000161 626000285
626000239 626000086
313500081 313500282
313500261 313500052
313500102 313500043
313500198 313500159
313500170 313500147
313500214 313500132
313500281 313500041
313500228 313500197
313500012 313500104
157250072 157250097
157250011 157250242
157250008 157250028
157250134 157250014
157250159 157250295
157250298 157250097
157250132 157250130
157250130 157250093
157250234 157250231
79125135 79125131
79125089 79125057
79125029 79125054
79125240 79125009
79125147 79125220
79125258 79125158
79125075 79125081
79125254 79125085
79125074 79125013
40062612 40062707
40062578 40062770
40062701 40062627
40062619 40062585
40062757 40062800
40062677 40062742
40062731 40062563
40062572 40062571
40062619 40062600
20531427 20531361
20531358 20531273
20531280 20531367
20531482 20531354
20531447 20531487
20531438 20531520
20531251 20531302
20531479 20531328
20531323 20531379
256 191
213 264
191 141
205 173
204 276
295 74
127 171
184 235
245 265
103 228
68 300
164 8
21 216
59 249
293 131
130 249
74 94
212 16
235 169
240 190
144 234
263 271
157 199
257 101
163 59
81 283
110 296
290 131
212 100
131 204
282 260
204 107
106 168
122 92
36 61
281 231
295 295
253 203
245 209
55 108
20 135
142 129
131 131
11 42
