700 10000000000
5001000086 5001000102
5001000046 5001000205
5001000074 5001000288
5001000121 5001000205
5001000241 5001000157
5001000218 5001000140
5001000058 5001000098
5001000104 5001000199
5001000053 5001000157
5001000216 5001000079
5001000007 5001000157
5001000261 5001000008
5001000006 5001000075
5001000285 5001000216
5001000190 5001000045
5001000251 5001000027
5001000146 5001000048
5001000284 5001000271
5001000035 5001000156
5001000227 5001000275
5001000012 5001000144
5001000166 5001000070
5001000293 5001000021
5001000020 5001000097
5001000177 5001000287
5001000176 5001000236
5001000143 5001000136
5001000295 5001000148
5001000263 5001000032
5001000115 5001000204
5001000128 5001000065
5001000231 5001000273
5001000112 5001000214
5001000295 5001000199
5001000121 5001000222
5001000173 5001000133
5001000117 5001000091
5001000254 5001000110
5001000111 5001000025
5001000206 5001000040
5001000011 5001000133
5001000027 5001000153
5001000021 5001000021
5001000053 5001000283
5001000104 5001000167
5001000186 5001000231
5001000232 5001000168
5001000255 5001000095
5001000133 5001000002
5001000293 5001000254
5001000223 5001000218
2501000138 2501000091
2501000008 2501000143
2501000200 2501000170
2501000167 2501000158
2501000209 2501000177
2501000042 2501000287
2501000081 2501000062
2501000008 2501000133
2501000044 2501000163
2501000300 2501000282
2501000146 2501000283
2501000201 2501000100
2501000077 2501000086
2501000101 2501000070
2501000039 2501000075
2501000287 2501000228
2501000166 2501000046
2501000070 2501000117
2501000215 2501000288
2501000026 2501000176
2501000216 2501000068
2501000162 2501000296
2501000129 2501000221
2501000181 2501000225
2501000084 2501000180
2501000258 2501000229
2501000214 2501000210
2501000080 2501000290
2501000295 2501000181
2501000111 2501000085
2501000007 2501000097
2501000012 2501000224
2501000194 2501000133
2501000093 2501000109
2501000172 2501000118
2501000284 2501000087
2501000237 2501000145
2501000135 2501000066
2501000066 2501000015
2501000042 2501000201
2501000246 2501000051
2501000129 2501000159
2501000260 2501000208
2501000200 2501000255
2501000140 2501000011
2501000039 2501000199
2501000159 2501000051
2501000122 2501000053
2501000235 2501000214
2501000161 2501000107
2501000032 2501000196
1251000193 1251000020
1251000040 1251000079
1251000137 1251000157
1251000093 1251000178
1251000057 1251000038
1251000228 1251000237
1251000248 1251000188
1251000145 1251000148
1251000194 1251000036
1251000158 1251000232
1251000234 1251000068
1251000034 1251000056
1251000120 1251000269
1251000021 1251000032
1251000127 1251000104
1251000227 1251000071
1251000124 1251000019
1251000150 1251000260
1251000175 1251000242
1251000138 1251000284
1251000032 1251000117
1251000220 1251000279
1251000056 1251000116
1251000126 1251000249
1251000152 1251000035
1251000181 1251000137
1251000103 1251000214
1251000244 1251000274
1251000234 1251000265
1251000006 1251000060
1251000068 1251000284
1251000183 1251000191
1251000002 1251000032
1251000203 1251000229
1251000273 1251000040
1251000264 1251000056
1251000208 1251000183
1251000035 1251000264
1251000299 1251000212
1251000212 1251000202
1251000299 1251000144
1251000090 1251000101
1251000110 1251000034
1251000126 1251000043
1251000050 1251000131
1251000155 1251000169
1251000167 1251000037
1251000112 1251000220
1251000068 1251000014
1251000148 1251000092
1251000105 1251000111
626000148 626000012
626000046 626000234
626000027 626000096
626000197 626000239
626000049 626000195
626000082 626000138
626000047 626000243
626000223 626000173
626000286 626000024
626000055 626000192
626000193 626000221
626000280 626000056
626000141 626000099
626000069 626000040
626000190 626000225
626000203 626000089
626000236 626000248
626000074 626000015
626000095 626000271
626000253 626000143
626000217 626000086
626000032 626000264
626000029 626000007
626000188 626000066
626000082 626000242
626000009 626000026
626000215 626000288
626000081 626000055
626000086 626000201
626000146 626000027
626000125 626000048
626000168 626000113
626000047 626000241
626000127 626000141
626000263 626000131
626000035 626000180
626000268 626000119
626000195 626000048
626000177 626000082
626000113 626000258
626000023 626000173
626000284 626000237
626000160 626000116
626000043 626000297
626000017 626000189
626000024 626000193
626000288 626000191
626000005 626000035
626000183 626000183
626000175 626000146
626000013 626000262
313500025 313500281
313500080 313500271
313500028 313500256
313500052 313500193
313500265 313500126
313500065 313500300
313500115 313500277
313500116 313500209
313500273 313500184
313500097 313500048
313500076 313500085
313500238 313500081
313500171 313500121
313500263 313500045
313500018 313500028
313500058 313500094
313500008 313500189
313500064 313500087
313500196 313500115
313500031 313500161
313500292 313500148
313500212 313500106
313500124 313500027
313500015 313500096
313500262 313500163
313500196 313500038
313500299 313500133
313500170 313500169
313500005 313500184
313500266 313500022
313500211 313500023
313500115 313500270
313500212 313500230
313500057 313500159
313500096 313500139
313500019 313500088
313500286 313500283
313500245 313500109
313500009 313500259
313500257 313500271
313500174 313500152
313500060 313500172
313500036 313500229
313500041 313500041
313500112 313500058
313500114 313500075
313500080 313500281
313500044 313500043
313500210 313500152
313500254 313500006
313500291 313500272
157250093 157250276
157250254 157250037
157250137 157250015
157250048 157250145
157250037 157250273
157250296 157250148
157250144 157250083
157250076 157250236
157250123 157250239
157250045 157250289
157250013 157250177
157250269 157250057
157250219 157250230
157250260 157250172
157250235 157250250
157250196 157250079
157250278 157250201
157250168 157250114
157250267 157250267
157250010 157250055
157250239 157250005
157250202 157250134
157250139 157250029
157250122 157250014
157250268 157250166
157250002 157250032
157250042 157250022
157250088 157250013
157250251 157250100
157250236 157250186
157250049 157250183
157250016 157250078
157250136 157250183
157250243 157250154
157250201 157250252
157250209 157250139
157250008 157250162
157250273 157250147
157250191 157250146
157250160 157250210
157250011 157250161
157250241 157250105
157250234 157250081
157250169 157250184
157250180 157250104
157250121 157250228
157250039 157250137
157250058 157250174
157250071 157250300
157250027 157250272
157250252 157250287
79125162 79125011
79125149 79125186
79125157 79125091
79125031 79125016
79125300 79125094
79125228 79125240
79125198 79125161
79125020 79125066
79125097 79125199
79125221 79125217
79125179 79125259
79125105 79125288
79125184 79125176
79125287 79125263
79125199 79125290
79125249 79125060
79125001 79125149
79125298 79125209
79125291 79125028
79125277 79125290
79125121 79125256
79125282 79125070
79125117 79125053
79125187 79125265
79125004 79125108
79125181 79125234
79125066 79125286
79125221 79125002
79125213 79125259
79125264 79125163
79125249 79125212
79125274 79125001
79125113 79125271
79125209 79125103
79125299 79125185
79125145 79125171
79125141 79125178
79125241 79125009
79125230 79125127
79125273 79125233
79125286 79125205
79125218 79125104
79125242 79125138
79125105 79125154
79125097 79125068
79125068 79125097
79125031 79125042
79125097 79125195
79125012 79125005
79125050 79125062
79125190 79125194
40062733 40062582
40062571 40062725
40062590 40062552
40062603 40062562
40062537 40062589
40062766 40062754
40062692 40062708
40062644 40062548
40062613 40062740
40062615 40062733
40062536 40062697
40062774 40062632
40062592 40062537
40062688 40062641
40062599 40062577
40062586 40062583
40062658 40062708
40062507 40062799
40062511 40062609
40062612 40062547
40062749 40062578
40062501 40062692
40062537 40062696
40062739 40062701
40062635 40062605
40062633 40062722
40062554 40062658
40062605 40062645
40062695 40062792
40062537 40062545
40062621 40062674
40062627 40062530
40062581 40062685
40062529 40062591
40062545 40062640
40062690 40062794
40062769 40062742
40062737 40062557
40062637 40062728
40062510 40062523
40062584 40062694
40062744 40062637
40062552 40062600
40062533 40062798
40062591 40062621
40062542 40062763
40062794 40062720
40062793 40062626
40062604 40062573
40062769 40062648
40062712 40062710
20531443 20531483
20531401 20531380
20531291 20531537
20531307 20531300
20531311 20531442
20531494 20531254
20531279 20531297
20531353 20531363
20531294 20531495
20531484 20531387
20531458 20531477
20531306 20531450
20531355 20531409
20531274 20531375
20531308 20531485
20531284 20531501
20531469 20531434
20531330 20531510
20531472 20531438
20531259 20531532
20531329 20531254
20531287 20531409
20531300 20531441
20531522 20531395
20531385 20531455
20531531 20531344
20531433 20531338
20531295 20531289
20531548 20531318
20531413 20531306
20531305 20531446
20531308 20531523
20531329 20531439
20531534 20531302
20531326 20531543
20531283 20531456
20531298 20531371
20531367 20531348
20531261 20531338
20531492 20531448
20531294 20531525
20531541 20531528
20531364 20531286
20531267 20531362
20531353 20531429
20531469 20531407
20531377 20531526
20531380 20531455
20531414 20531363
20531259 20531541
20531407 20531343
248 205
214 64
54 224
203 47
121 246
73 112
224 187
199 292
298 1
170 268
158 296
243 39
253 106
203 13
96 112
105 95
68 18
159 173
294 61
219 166
59 44
277 34
230 175
77 279
228 298
246 85
46 188
175 298
45 129
62 192
240 166
286 7
236 196
179 229
257 150
94 67
245 123
152 174
49 228
204 276
225 201
112 270
140 38
19 184
167 80
75 106
246 112
165 181
8 95
161 16
296 254
134 240
128 285
165 177
264 68
204 188
20 68
210 159
105 228
42 23
60 168
181 57
32 45
289 39
191 149
106 239
154 239
178 34
223 95
262 238
214 165
125 234
284 86
92 141
66 186
163 125
105 43
233 136
139 221
226 82
121 31
20 26
269 249
59 243
43 20
180 257
237 57
190 220
194 33
60 259
218 275
135 75
17 67
262 208
39 188
289 211
270 8
237 291
8 47
285 51
119 217
59 107
273 300
26 166
32 138
177 2
112 11
128 180
130 89
87 168
28 127
79 50
186 67
40 194
165 24
296 283
292 54
89 16
105 167
234 136
56 110
189 219
120 68
98 249
157 237
169 236
63 299
285 249
65 24
194 281
100 189
264 91
242 104
107 46
22 92
233 77
201 174
47 72
241 197
21 149
133 241
85 247
239 69
247 55
145 140
35 296
80 50
138 21
206 296
118 227
87 103
56 287
28 102
59 20
50 131
169 182
71 5
181 61
125 179
115 21
71 201
16 150
3 206
223 208
201 40
186 288
194 293
26 221
147 136
241 196
266 161
130 88
217 10
200 41
188 66
62 258
267 129
160 21
34 82
228 235
173 165
274 67
158 51
39 4
187 31
199 204
191 28
44 159
89 243
200 29
9 13
38 27
141 197
47 227
278 26
213 151
242 186
269 99
288 7
154 174
90 105
130 32
184 173
191 25
115 90
53 175
102 142
253 294
91 299
220 68
76 132
270 18
69 290
168 57
297 22
282 138
178 111
169 61
283 59
85 150
200 189
24 1
31 277
47 121
27 266
240 155
150 262
172 218
251 91
274 299
112 256
136 41
66 5
154 101
115 238
250 15
179 25
67 261
53 113
133 80
131 124
