325 10000000000
5001000038 5001000064
5001000130 5001000276
5001000166 5001000202
5001000246 5001000184
5001000046 5001000258
5001000118 5001000132
5001000147 5001000125
5001000078 5001000208
5001000123 5001000186
5001000046 5001000156
5001000051 5001000084
5001000134 5001000021
5001000135 5001000082
5001000092 5001000028
5001000207 5001000115
5001000281 5001000244
5001000179 5001000162
5001000271 5001000044
5001000063 5001000269
5001000227 5001000160
5001000226 5001000096
5001000291 5001000124
5001000272 5001000069
5001000083 5001000094
2501000006 2501000128
2501000250 2501000056
2501000263 2501000083
2501000128 2501000097
2501000217 2501000219
2501000124 2501000123
2501000034 2501000156
2501000119 2501000212
2501000017 2501000141
2501000007 2501000080
2501000161 2501000285
2501000239 2501000086
2501000081 2501000282
2501000261 2501000052
2501000102 2501000043
2501000198 2501000159
2501000170 2501000147
2501000214 2501000132
2501000281 2501000041
2501000228 2501000197
2501000012 2501000104
2501000072 2501000097
2501000011 2501000242
2501000008 2501000028
1251000134 1251000014
1251000159 1251000295
1251000298 1251000097
1251000132 1251000130
1251000130 1251000093
1251000234 1251000231
1251000135 1251000131
1251000089 1251000057
1251000029 1251000054
1251000240 1251000009
1251000147 1251000220
1251000258 1251000158
1251000075 1251000081
1251000254 1251000085
1251000074 1251000013
1251000112 1251000207
1251000078 1251000270
1251000201 1251000127
1251000119 1251000085
1251000257 1251000300
1251000177 1251000242
1251000231 1251000063
1251000072 1251000071
1251000119 1251000100
626000177 626000111
626000108 626000023
626000030 626000117
626000232 626000104
626000197 626000237
626000188 626000270
626000001 626000052
626000229 626000078
626000073 626000129
626000256 626000191
626000213 626000264
626000191 626000141
626000205 626000173
626000204 626000276
626000295 626000074
626000127 626000171
626000184 626000235
626000245 626000265
626000103 626000228
626000068 626000300
626000164 626000008
626000021 626000216
626000059 626000249
626000293 626000131
313500130 313500249
313500074 313500094
313500212 313500016
313500235 313500169
313500240 313500190
313500144 313500234
313500263 313500271
313500157 313500199
313500257 313500101
313500163 313500059
313500081 313500283
313500110 313500296
313500290 313500131
313500212 313500100
313500131 313500204
313500282 313500260
313500204 313500107
313500106 313500168
313500122 313500092
313500036 313500061
313500281 313500231
313500295 313500295
313500253 313500203
313500245 313500209
157250055 157250108
157250020 157250135
157250142 157250129
157250131 157250131
157250011 157250042
157250282 157250142
157250297 157250263
157250153 157250253
157250070 157250010
157250172 157250243
157250101 157250207
157250004 157250081
157250189 157250050
157250128 157250142
157250004 157250072
157250102 157250058
157250231 157250121
157250193 157250072
157250002 157250075
157250254 157250012
157250168 157250235
157250205 157250216
157250250 157250110
157250168 157250071
79125119 79125039
79125065 79125272
79125297 79125068
79125104 79125186
79125169 79125231
79125079 79125172
79125055 79125180
79125282 79125037
79125053 79125226
79125109 79125054
79125300 79125114
79125117 79125219
79125101 79125074
79125134 79125102
79125235 79125002
79125172 79125105
79125092 79125236
79125076 79125141
79125056 79125180
79125078 79125276
79125162 79125156
79125200 79125216
79125087 79125181
79125253 79125139
40062658 40062613
40062744 40062709
40062778 40062561
40062627 40062578
40062686 40062760
40062731 40062620
40062513 40062654
40062724 40062657
40062590 40062800
40062797 40062697
40062731 40062574
40062724 40062592
40062729 40062675
40062560 40062567
40062607 40062564
40062706 40062764
40062728 40062701
40062672 40062705
40062761 40062798
40062535 40062646
40062510 40062765
40062517 40062574
40062619 40062741
40062730 40062760
20531542 20531476
20531458 20531472
20531301 20531433
20531263 20531281
20531308 20531374
20531348 20531414
20531437 20531305
20531430 20531364
20531505 20531301
20531321 20531518
20531351 20531355
20531415 20531412
20531371 20531432
20531485 20531489
20531372 20531467
20531500 20531363
20531444 20531407
20531336 20531495
20531290 20531400
20531525 20531399
20531524 20531374
20531262 20531462
20531428 20531441
20531276 20531383
294 148
152 94
252 16
7 124
197 241
115 18
157 64
182 51
273 19
47 64
169 21
212 194
197 275
105 74
218 182
258 211
29 109
56 32
125 62
156 73
54 270
143 211
85 76
13 57
95 59
120 263
131 83
208 27
58 12
153 275
194 162
237 274
271 44
6 147
157 213
271 210
234 113
172 18
189 184
127 283
294 246
297 125
81 204
203 138
215 55
164 160
217 152
134 239
195 191
137 51
103 107
12 36
220 184
105 160
67 231
142 61
229 190
237 9
93 139
198 59
246 61
219 162
264 104
152 158
294 40
260 148
146 271
235 117
154 39
276 273
22 169
85 250
58 73
258 202
211 207
261 156
267 231
69 230
34 272
139 79
11 150
226 157
172 212
25 26
250 1
50 23
221 186
272 279
258 281
180 168
187 192
76 205
122 196
186 207
168 76
285 178
225 262
86 97
225 111
174 227
163 275
249 135
160 221
165 169
253 97
88 192
288 163
148 162
111 34
