425 10000000000
5001000086 5001000102
5001000046 5001000205
5001000074 5001000288
5001000121 5001000205
5001000241 5001000157
5001000218 5001000140
5001000058 5001000098
5001000104 5001000199
5001000053 5001000157
5001000216 5001000079
5001000007 5001000157
5001000261 5001000008
5001000006 5001000075
5001000285 5001000216
5001000190 5001000045
5001000251 5001000027
5001000146 5001000048
5001000284 5001000271
5001000035 5001000156
5001000227 5001000275
5001000012 5001000144
5001000166 5001000070
5001000293 5001000021
5001000020 5001000097
5001000177 5001000287
5001000176 5001000236
5001000143 5001000136
5001000295 5001000148
5001000263 5001000032
5001000115 5001000204
5001000128 5001000065
2501000231 2501000273
2501000112 2501000214
2501000295 2501000199
2501000121 2501000222
2501000173 2501000133
2501000117 2501000091
2501000254 2501000110
2501000111 2501000025
2501000206 2501000040
2501000011 2501000133
2501000027 2501000153
2501000021 2501000021
2501000053 2501000283
2501000104 2501000167
2501000186 2501000231
2501000232 2501000168
2501000255 2501000095
2501000133 2501000002
2501000293 2501000254
2501000223 2501000218
2501000138 2501000091
2501000008 2501000143
2501000200 2501000170
2501000167 2501000158
2501000209 2501000177
2501000042 2501000287
2501000081 2501000062
2501000008 2501000133
2501000044 2501000163
2501000300 2501000282
2501000146 2501000283
1251000201 1251000100
1251000077 1251000086
1251000101 1251000070
1251000039 1251000075
1251000287 1251000228
1251000166 1251000046
1251000070 1251000117
1251000215 1251000288
1251000026 1251000176
1251000216 1251000068
1251000162 1251000296
1251000129 1251000221
1251000181 1251000225
1251000084 1251000180
1251000258 1251000229
1251000214 1251000210
1251000080 1251000290
1251000295 1251000181
1251000111 1251000085
1251000007 1251000097
1251000012 1251000224
1251000194 1251000133
1251000093 1251000109
1251000172 1251000118
1251000284 1251000087
1251000237 1251000145
1251000135 1251000066
1251000066 1251000015
1251000042 1251000201
1251000246 1251000051
1251000129 1251000159
626000260 626000208
626000200 626000255
626000140 626000011
626000039 626000199
626000159 626000051
626000122 626000053
626000235 626000214
626000161 626000107
626000032 626000196
626000193 626000020
626000040 626000079
626000137 626000157
626000093 626000178
626000057 626000038
626000228 626000237
626000248 626000188
626000145 626000148
626000194 626000036
626000158 626000232
626000234 626000068
626000034 626000056
626000120 626000269
626000021 626000032
626000127 626000104
626000227 626000071
626000124 626000019
626000150 626000260
626000175 626000242
626000138 626000284
626000032 626000117
626000220 626000279
313500056 313500116
313500126 313500249
313500152 313500035
313500181 313500137
313500103 313500214
313500244 313500274
313500234 313500265
313500006 313500060
313500068 313500284
313500183 313500191
313500002 313500032
313500203 313500229
313500273 313500040
313500264 313500056
313500208 313500183
313500035 313500264
313500299 313500212
313500212 313500202
313500299 313500144
313500090 313500101
313500110 313500034
313500126 313500043
313500050 313500131
313500155 313500169
313500167 313500037
313500112 313500220
313500068 313500014
313500148 313500092
313500105 313500111
313500148 313500012
313500046 313500234
157250027 157250096
157250197 157250239
157250049 157250195
157250082 157250138
157250047 157250243
157250223 157250173
157250286 157250024
157250055 157250192
157250193 157250221
157250280 157250056
157250141 157250099
157250069 157250040
157250190 157250225
157250203 157250089
157250236 157250248
157250074 157250015
157250095 157250271
157250253 157250143
157250217 157250086
157250032 157250264
157250029 157250007
157250188 157250066
157250082 157250242
157250009 157250026
157250215 157250288
157250081 157250055
157250086 157250201
157250146 157250027
157250125 157250048
157250168 157250113
157250047 157250241
79125127 79125141
79125263 79125131
79125035 79125180
79125268 79125119
79125195 79125048
79125177 79125082
79125113 79125258
79125023 79125173
79125284 79125237
79125160 79125116
79125043 79125297
79125017 79125189
79125024 79125193
79125288 79125191
79125005 79125035
79125183 79125183
79125175 79125146
79125013 79125262
79125025 79125281
79125080 79125271
79125028 79125256
79125052 79125193
79125265 79125126
79125065 79125300
79125115 79125277
79125116 79125209
79125273 79125184
79125097 79125048
79125076 79125085
79125238 79125081
79125171 79125121
40062763 40062545
40062518 40062528
40062558 40062594
40062508 40062689
40062564 40062587
40062696 40062615
40062531 40062661
40062792 40062648
40062712 40062606
40062624 40062527
40062515 40062596
40062762 40062663
40062696 40062538
40062799 40062633
40062670 40062669
40062505 40062684
40062766 40062522
40062711 40062523
40062615 40062770
40062712 40062730
40062557 40062659
40062596 40062639
40062519 40062588
40062786 40062783
40062745 40062609
40062509 40062759
40062757 40062771
40062674 40062652
40062560 40062672
40062536 40062729
40062541 40062541
20531362 20531308
20531364 20531325
20531330 20531531
20531294 20531293
20531460 20531402
20531504 20531256
20531541 20531522
20531343 20531526
20531504 20531287
20531387 20531265
20531298 20531395
20531287 20531523
20531546 20531398
20531394 20531333
20531326 20531486
20531373 20531489
20531295 20531539
20531263 20531427
20531519 20531307
20531469 20531480
20531510 20531422
20531485 20531500
20531446 20531329
20531528 20531451
20531418 20531364
20531517 20531517
20531260 20531305
20531489 20531255
20531452 20531384
20531389 20531279
20531372 20531264
268 166
2 32
42 22
88 13
251 100
236 186
49 183
16 78
136 183
243 154
201 252
209 139
8 162
273 147
191 146
160 210
11 161
241 105
234 81
169 184
180 104
121 228
39 137
58 174
71 300
27 272
252 287
162 11
149 186
157 91
31 16
300 94
228 240
198 161
20 66
97 199
221 217
179 259
105 288
184 176
287 263
199 290
249 60
1 149
298 209
291 28
277 290
121 256
282 70
117 53
187 265
4 108
181 234
66 286
221 2
213 259
264 163
249 212
274 1
113 271
209 103
299 185
145 171
141 178
241 9
230 127
273 233
286 205
218 104
242 138
105 154
97 68
68 97
31 42
97 195
12 5
50 62
190 194
233 82
71 225
90 52
103 62
37 89
266 254
192 208
144 48
113 240
115 233
36 197
274 132
92 37
188 141
99 77
86 83
158 208
7 299
11 109
112 47
249 78
1 192
37 196
239 201
135 105
133 222
54 158
105 145
195 292
37 45
121 174
127 30
81 185
29 91
45 140
190 294
269 242
237 57
137 228
10 23
84 194
244 137
52 100
33 298
91 121
42 263
294 220
293 126
104 73
269 148
212 210
193 233
151 130
41 287
57 50
61 192
244 4
29 47
103 113
44 245
234 137
208 227
56 200
105 159
24 125
58 235
34 251
219 184
