450 10000000000
5001000086 5001000102
5001000046 5001000205
5001000074 5001000288
5001000121 5001000205
5001000241 5001000157
5001000218 5001000140
5001000058 5001000098
5001000104 5001000199
5001000053 5001000157
5001000216 5001000079
5001000007 5001000157
5001000261 5001000008
5001000006 5001000075
5001000285 5001000216
5001000190 5001000045
5001000251 5001000027
5001000146 5001000048
5001000284 5001000271
5001000035 5001000156
5001000227 5001000275
5001000012 5001000144
5001000166 5001000070
5001000293 5001000021
5001000020 5001000097
5001000177 5001000287
5001000176 5001000236
5001000143 5001000136
5001000295 5001000148
5001000263 5001000032
5001000115 5001000204
5001000128 5001000065
5001000231 5001000273
5001000112 5001000214
2501000295 2501000199
2501000121 2501000222
2501000173 2501000133
2501000117 2501000091
2501000254 2501000110
2501000111 2501000025
2501000206 2501000040
2501000011 2501000133
2501000027 2501000153
2501000021 2501000021
2501000053 2501000283
2501000104 2501000167
2501000186 2501000231
2501000232 2501000168
2501000255 2501000095
2501000133 2501000002
2501000293 2501000254
2501000223 2501000218
2501000138 2501000091
2501000008 2501000143
2501000200 2501000170
2501000167 2501000158
2501000209 2501000177
2501000042 2501000287
2501000081 2501000062
2501000008 2501000133
2501000044 2501000163
2501000300 2501000282
2501000146 2501000283
2501000201 2501000100
2501000077 2501000086
2501000101 2501000070
2501000039 2501000075
1251000287 1251000228
1251000166 1251000046
1251000070 1251000117
1251000215 1251000288
1251000026 1251000176
1251000216 1251000068
1251000162 1251000296
1251000129 1251000221
1251000181 1251000225
1251000084 1251000180
1251000258 1251000229
1251000214 1251000210
1251000080 1251000290
1251000295 1251000181
1251000111 1251000085
1251000007 1251000097
1251000012 1251000224
1251000194 1251000133
1251000093 1251000109
1251000172 1251000118
1251000284 1251000087
1251000237 1251000145
1251000135 1251000066
1251000066 1251000015
1251000042 1251000201
1251000246 1251000051
1251000129 1251000159
1251000260 1251000208
1251000200 1251000255
1251000140 1251000011
1251000039 1251000199
1251000159 1251000051
1251000122 1251000053
626000235 626000214
626000161 626000107
626000032 626000196
626000193 626000020
626000040 626000079
626000137 626000157
626000093 626000178
626000057 626000038
626000228 626000237
626000248 626000188
626000145 626000148
626000194 626000036
626000158 626000232
626000234 626000068
626000034 626000056
626000120 626000269
626000021 626000032
626000127 626000104
626000227 626000071
626000124 626000019
626000150 626000260
626000175 626000242
626000138 626000284
626000032 626000117
626000220 626000279
626000056 626000116
626000126 626000249
626000152 626000035
626000181 626000137
626000103 626000214
626000244 626000274
626000234 626000265
626000006 626000060
313500068 313500284
313500183 313500191
313500002 313500032
313500203 313500229
313500273 313500040
313500264 313500056
313500208 313500183
313500035 313500264
313500299 313500212
313500212 313500202
313500299 313500144
313500090 313500101
313500110 313500034
313500126 313500043
313500050 313500131
313500155 313500169
313500167 313500037
313500112 313500220
313500068 313500014
313500148 313500092
313500105 313500111
313500148 313500012
313500046 313500234
313500027 313500096
313500197 313500239
313500049 313500195
313500082 313500138
313500047 313500243
313500223 313500173
313500286 313500024
313500055 313500192
313500193 313500221
313500280 313500056
157250141 157250099
157250069 157250040
157250190 157250225
157250203 157250089
157250236 157250248
157250074 157250015
157250095 157250271
157250253 157250143
157250217 157250086
157250032 157250264
157250029 157250007
157250188 157250066
157250082 157250242
157250009 157250026
157250215 157250288
157250081 157250055
157250086 157250201
157250146 157250027
157250125 157250048
157250168 157250113
157250047 157250241
157250127 157250141
157250263 157250131
157250035 157250180
157250268 157250119
157250195 157250048
157250177 157250082
157250113 157250258
157250023 157250173
157250284 157250237
157250160 157250116
157250043 157250297
157250017 157250189
79125024 79125193
79125288 79125191
79125005 79125035
79125183 79125183
79125175 79125146
79125013 79125262
79125025 79125281
79125080 79125271
79125028 79125256
79125052 79125193
79125265 79125126
79125065 79125300
79125115 79125277
79125116 79125209
79125273 79125184
79125097 79125048
79125076 79125085
79125238 79125081
79125171 79125121
79125263 79125045
79125018 79125028
79125058 79125094
79125008 79125189
79125064 79125087
79125196 79125115
79125031 79125161
79125292 79125148
79125212 79125106
79125124 79125027
79125015 79125096
79125262 79125163
79125196 79125038
79125299 79125133
40062670 40062669
40062505 40062684
40062766 40062522
40062711 40062523
40062615 40062770
40062712 40062730
40062557 40062659
40062596 40062639
40062519 40062588
40062786 40062783
40062745 40062609
40062509 40062759
40062757 40062771
40062674 40062652
40062560 40062672
40062536 40062729
40062541 40062541
40062612 40062558
40062614 40062575
40062580 40062781
40062544 40062543
40062710 40062652
40062754 40062506
40062791 40062772
40062593 40062776
40062754 40062537
40062637 40062515
40062548 40062645
40062537 40062773
40062796 40062648
40062644 40062583
40062576 40062736
40062623 40062739
20531295 20531539
20531263 20531427
20531519 20531307
20531469 20531480
20531510 20531422
20531485 20531500
20531446 20531329
20531528 20531451
20531418 20531364
20531517 20531517
20531260 20531305
20531489 20531255
20531452 20531384
20531389 20531279
20531372 20531264
20531518 20531416
20531252 20531282
20531292 20531272
20531338 20531263
20531501 20531350
20531486 20531436
20531299 20531433
20531266 20531328
20531386 20531433
20531493 20531404
20531451 20531502
20531459 20531389
20531258 20531412
20531523 20531397
20531441 20531396
20531410 20531460
20531261 20531411
20531491 20531355
234 81
169 184
180 104
121 228
39 137
58 174
71 300
27 272
252 287
162 11
149 186
157 91
31 16
300 94
228 240
198 161
20 66
97 199
221 217
179 259
105 288
184 176
287 263
199 290
249 60
1 149
298 209
291 28
277 290
121 256
282 70
117 53
187 265
4 108
181 234
66 286
221 2
213 259
264 163
249 212
274 1
113 271
209 103
299 185
145 171
141 178
241 9
230 127
273 233
286 205
218 104
242 138
105 154
97 68
68 97
31 42
97 195
12 5
50 62
190 194
233 82
71 225
90 52
103 62
37 89
266 254
192 208
144 48
113 240
115 233
36 197
274 132
92 37
188 141
99 77
86 83
158 208
7 299
11 109
112 47
249 78
1 192
37 196
239 201
135 105
133 222
54 158
105 145
195 292
37 45
121 174
127 30
81 185
29 91
45 140
190 294
269 242
237 57
137 228
10 23
84 194
244 137
52 100
33 298
91 121
42 263
294 220
293 126
104 73
269 148
212 210
193 233
151 130
41 287
57 50
61 192
244 4
29 47
103 113
44 245
234 137
208 227
56 200
105 159
24 125
58 235
34 251
219 184
80 260
222 188
9 282
79 4
37 159
50 191
272 145
135 205
281 94
183 88
45 39
298 68
163 56
55 196
58 273
79 189
284 52
76 293
33 206
48 121
117 98
11 88
242 198
44 275
291 278
