275 10000000000
5001000038 5001000064
5001000130 5001000276
5001000166 5001000202
5001000246 5001000184
5001000046 5001000258
5001000118 5001000132
5001000147 5001000125
5001000078 5001000208
5001000123 5001000186
5001000046 5001000156
5001000051 5001000084
5001000134 5001000021
5001000135 5001000082
5001000092 5001000028
5001000207 5001000115
5001000281 5001000244
5001000179 5001000162
5001000271 5001000044
5001000063 5001000269
5001000227 5001000160
2501000226 2501000096
2501000291 2501000124
2501000272 2501000069
2501000083 2501000094
2501000006 2501000128
2501000250 2501000056
2501000263 2501000083
2501000128 2501000097
2501000217 2501000219
2501000124 2501000123
2501000034 2501000156
2501000119 2501000212
2501000017 2501000141
2501000007 2501000080
2501000161 2501000285
2501000239 2501000086
2501000081 2501000282
2501000261 2501000052
2501000102 2501000043
2501000198 2501000159
1251000170 1251000147
1251000214 1251000132
1251000281 1251000041
1251000228 1251000197
1251000012 1251000104
1251000072 1251000097
1251000011 1251000242
1251000008 1251000028
1251000134 1251000014
1251000159 1251000295
1251000298 1251000097
1251000132 1251000130
1251000130 1251000093
1251000234 1251000231
1251000135 1251000131
1251000089 1251000057
1251000029 1251000054
1251000240 1251000009
1251000147 1251000220
1251000258 1251000158
626000075 626000081
626000254 626000085
626000074 626000013
626000112 626000207
626000078 626000270
626000201 626000127
626000119 626000085
626000257 626000300
626000177 626000242
626000231 626000063
626000072 626000071
626000119 626000100
626000177 626000111
626000108 626000023
626000030 626000117
626000232 626000104
626000197 626000237
626000188 626000270
626000001 626000052
626000229 626000078
313500073 313500129
313500256 313500191
313500213 313500264
313500191 313500141
313500205 313500173
313500204 313500276
313500295 313500074
313500127 313500171
313500184 313500235
313500245 313500265
313500103 313500228
313500068 313500300
313500164 313500008
313500021 313500216
313500059 313500249
313500293 313500131
313500130 313500249
313500074 313500094
313500212 313500016
313500235 313500169
157250240 157250190
157250144 157250234
157250263 157250271
157250157 157250199
157250257 157250101
157250163 157250059
157250081 157250283
157250110 157250296
157250290 157250131
157250212 157250100
157250131 157250204
157250282 157250260
157250204 157250107
157250106 157250168
157250122 157250092
157250036 157250061
157250281 157250231
157250295 157250295
157250253 157250203
157250245 157250209
79125055 79125108
79125020 79125135
79125142 79125129
79125131 79125131
79125011 79125042
79125282 79125142
79125297 79125263
79125153 79125253
79125070 79125010
79125172 79125243
79125101 79125207
79125004 79125081
79125189 79125050
79125128 79125142
79125004 79125072
79125102 79125058
79125231 79125121
79125193 79125072
79125002 79125075
79125254 79125012
40062668 40062735
40062705 40062716
40062750 40062610
40062668 40062571
40062619 40062539
40062565 40062772
40062797 40062568
40062604 40062686
40062669 40062731
40062579 40062672
40062555 40062680
40062782 40062537
40062553 40062726
40062609 40062554
40062800 40062614
40062617 40062719
40062601 40062574
40062634 40062602
40062735 40062502
40062672 40062605
20531342 20531486
20531326 20531391
20531306 20531430
20531328 20531526
20531412 20531406
20531450 20531466
20531337 20531431
20531503 20531389
20531408 20531363
20531494 20531459
20531528 20531311
20531377 20531328
20531436 20531510
20531481 20531370
20531263 20531404
20531474 20531407
20531340 20531550
20531547 20531447
20531481 20531324
20531474 20531342
229 175
60 67
107 64
206 264
228 201
172 205
261 298
35 146
10 265
17 74
119 241
230 260
292 226
208 222
51 183
13 31
58 124
98 164
187 55
180 114
255 51
71 268
101 105
165 162
121 182
235 239
122 217
250 113
194 157
86 245
40 150
275 149
274 124
12 212
178 191
26 133
294 148
152 94
252 16
7 124
197 241
115 18
157 64
182 51
273 19
47 64
169 21
212 194
197 275
105 74
218 182
258 211
29 109
56 32
125 62
156 73
54 270
143 211
85 76
13 57
95 59
120 263
131 83
208 27
58 12
153 275
194 162
237 274
271 44
6 147
157 213
271 210
234 113
172 18
189 184
127 283
294 246
297 125
81 204
203 138
215 55
164 160
217 152
134 239
195 191
137 51
103 107
12 36
220 184
105 160
67 231
142 61
229 190
237 9
93 139
