500 7384719424
148974544 132974544
93109090 83109090
30536770 20536770
30536770 20536770
6107354 4107354
186218180 166218180
18322062 12322062
61073540 41073540
148974544 132974544
186218180 166218180
74487272 66487272
55865454 49865454
54966186 36966186
54966186 36966186
74487272 66487272
36644124 24644124
37243636 33243636
6107354 4107354
61073540 41073540
42751478 28751478
36644124 24644124
6107354 4107354
18322062 12322062
36644124 24644124
130352726 116352726
24429416 16429416
36644124 24644124
48858832 32858832
6107354 4107354
12214708 8214708
36644124 24644124
55865454 49865454
130352726 116352726
37243636 33243636
18621818 16621818
148974544 132974544
36644124 24644124
37243636 33243636
148974544 132974544
186218180 166218180
36644124 24644124
36644124 24644124
148974544 132974544
36644124 24644124
55865454 49865454
42751478 28751478
6107354 4107354
61073540 41073540
30536770 20536770
74487272 66487272
61073540 41073540
148974544 132974544
30536770 20536770
167596362 149596362
18322062 12322062
18322062 12322062
48858832 32858832
36644124 24644124
48858832 32858832
74487272 66487272
130352726 116352726
55865454 49865454
12214708 8214708
42751478 28751478
148974544 132974544
111730908 99730908
111730908 99730908
186218180 166218180
18322062 12322062
12214708 8214708
111730908 99730908
74487272 66487272
74487272 66487272
167596362 149596362
30536770 20536770
55865454 49865454
42751478 28751478
6107354 4107354
37243636 33243636
54966186 36966186
61073540 41073540
24429416 16429416
55865454 49865454
18621818 16621818
148974544 132974544
93109090 83109090
48858832 32858832
74487272 66487272
148974544 132974544
36644124 24644124
74487272 66487272
30536770 20536770
42751478 28751478
186218180 166218180
18322062 12322062
167596362 149596362
148974544 132974544
42751478 28751478
74487272 66487272
130352726 116352726
24429416 16429416
12214708 8214708
186218180 166218180
48858832 32858832
54966186 36966186
18322062 12322062
186218180 166218180
148974544 132974544
18322062 12322062
48858832 32858832
6107354 4107354
93109090 83109090
55865454 49865454
18621818 16621818
12214708 8214708
48858832 32858832
148974544 132974544
93109090 83109090
24429416 16429416
18322062 12322062
93109090 83109090
36644124 24644124
54966186 36966186
61073540 41073540
61073540 41073540
6107354 4107354
74487272 66487272
48858832 32858832
61073540 41073540
18322062 12322062
48858832 32858832
186218180 166218180
148974544 132974544
61073540 41073540
37243636 33243636
74487272 66487272
37243636 33243636
18322062 12322062
61073540 41073540
48858832 32858832
167596362 149596362
61073540 41073540
42751478 28751478
24429416 16429416
30536770 20536770
61073540 41073540
130352726 116352726
42751478 28751478
36644124 24644124
42751478 28751478
12214708 8214708
55865454 49865454
36644124 24644124
36644124 24644124
148974544 132974544
18322062 12322062
36644124 24644124
167596362 149596362
130352726 116352726
6107354 4107354
18322062 12322062
167596362 149596362
130352726 116352726
55865454 49865454
93109090 83109090
12214708 8214708
74487272 66487272
37243636 33243636
61073540 41073540
36644124 24644124
130352726 116352726
18621818 16621818
48858832 32858832
93109090 83109090
130352726 116352726
18621818 16621818
74487272 66487272
18621818 16621818
18322062 12322062
54966186 36966186
36644124 24644124
148974544 132974544
55865454 49865454
148974544 132974544
148974544 132974544
37243636 33243636
130352726 116352726
54966186 36966186
93109090 83109090
74487272 66487272
111730908 99730908
36644124 24644124
111730908 99730908
30536770 20536770
42751478 28751478
48858832 32858832
148974544 132974544
37243636 33243636
42751478 28751478
12214708 8214708
18322062 12322062
54966186 36966186
54966186 36966186
167596362 149596362
36644124 24644124
30536770 20536770
148974544 132974544
148974544 132974544
30536770 20536770
36644124 24644124
30536770 20536770
24429416 16429416
55865454 49865454
48858832 32858832
93109090 83109090
93109090 83109090
48858832 32858832
12214708 8214708
130352726 116352726
42751478 28751478
55865454 49865454
186218180 166218180
36644124 24644124
48858832 32858832
111730908 99730908
6107354 4107354
167596362 149596362
6107354 4107354
93109090 83109090
24429416 16429416
18322062 12322062
130352726 116352726
111730908 99730908
61073540 41073540
130352726 116352726
74487272 66487272
12214708 8214708
18322062 12322062
167596362 149596362
30536770 20536770
186218180 166218180
37243636 33243636
18322062 12322062
36644124 24644124
30536770 20536770
24429416 16429416
48858832 32858832
167596362 149596362
93109090 83109090
93109090 83109090
6107354 4107354
167596362 149596362
74487272 66487272
42751478 28751478
12214708 8214708
42751478 28751478
48858832 32858832
74487272 66487272
37243636 33243636
37243636 33243636
130352726 116352726
36644124 24644124
42751478 28751478
93109090 83109090
93109090 83109090
54966186 36966186
36644124 24644124
30536770 20536770
74487272 66487272
37243636 33243636
55865454 49865454
48858832 32858832
148974544 132974544
18322062 12322062
111730908 99730908
130352726 116352726
111730908 99730908
111730908 99730908
18322062 12322062
42751478 28751478
36644124 24644124
54966186 36966186
6107354 4107354
74487272 66487272
148974544 132974544
18621818 16621818
61073540 41073540
130352726 116352726
93109090 83109090
148974544 132974544
48858832 32858832
130352726 116352726
48858832 32858832
24429416 16429416
6107354 4107354
6107354 4107354
148974544 132974544
12214708 8214708
18621818 16621818
74487272 66487272
74487272 66487272
6107354 4107354
148974544 132974544
148974544 132974544
42751478 28751478
18322062 12322062
24429416 16429416
30536770 20536770
186218180 166218180
6107354 4107354
54966186 36966186
36644124 24644124
111730908 99730908
111730908 99730908
30536770 20536770
93109090 83109090
167596362 149596362
148974544 132974544
186218180 166218180
42751478 28751478
61073540 41073540
42751478 28751478
42751478 28751478
12214708 8214708
48858832 32858832
111730908 99730908
30536770 20536770
12214708 8214708
74487272 66487272
61073540 41073540
111730908 99730908
24429416 16429416
74487272 66487272
37243636 33243636
111730908 99730908
18621818 16621818
167596362 149596362
37243636 33243636
167596362 149596362
130352726 116352726
111730908 99730908
37243636 33243636
111730908 99730908
61073540 41073540
55865454 49865454
54966186 36966186
111730908 99730908
12214708 8214708
18621818 16621818
148974544 132974544
48858832 32858832
111730908 99730908
37243636 33243636
111730908 99730908
148974544 132974544
61073540 41073540
18322062 12322062
24429416 16429416
61073540 41073540
18322062 12322062
93109090 83109090
18322062 12322062
42751478 28751478
111730908 99730908
111730908 99730908
111730908 99730908
54966186 36966186
36644124 24644124
54966186 36966186
18322062 12322062
148974544 132974544
54966186 36966186
148974544 132974544
55865454 49865454
148974544 132974544
12214708 8214708
12214708 8214708
48858832 32858832
55865454 49865454
93109090 83109090
148974544 132974544
54966186 36966186
167596362 149596362
37243636 33243636
36644124 24644124
42751478 28751478
36644124 24644124
167596362 149596362
18322062 12322062
12214708 8214708
6107354 4107354
167596362 149596362
55865454 49865454
167596362 149596362
18322062 12322062
30536770 20536770
186218180 166218180
61073540 41073540
30536770 20536770
148974544 132974544
167596362 149596362
93109090 83109090
36644124 24644124
93109090 83109090
6107354 4107354
54966186 36966186
54966186 36966186
130352726 116352726
42751478 28751478
48858832 32858832
24429416 16429416
186218180 166218180
24429416 16429416
55865454 49865454
12214708 8214708
18322062 12322062
186218180 166218180
36644124 24644124
42751478 28751478
55865454 49865454
48858832 32858832
61073540 41073540
24429416 16429416
111730908 99730908
130352726 116352726
42751478 28751478
18322062 12322062
111730908 99730908
167596362 149596362
18621818 16621818
111730908 99730908
148974544 132974544
93109090 83109090
93109090 83109090
111730908 99730908
93109090 83109090
30536770 20536770
54966186 36966186
61073540 41073540
54966186 36966186
130352726 116352726
42751478 28751478
37243636 33243636
167596362 149596362
30536770 20536770
111730908 99730908
6107354 4107354
42751478 28751478
93109090 83109090
186218180 166218180
54966186 36966186
61073540 41073540
111730908 99730908
42751478 28751478
30536770 20536770
93109090 83109090
111730908 99730908
93109090 83109090
167596362 149596362
30536770 20536770
167596362 149596362
93109090 83109090
12214708 8214708
148974544 132974544
61073540 41073540
30536770 20536770
111730908 99730908
55865454 49865454
93109090 83109090
48858832 32858832
74487272 66487272
18621818 16621818
37243636 33243636
130352726 116352726
48858832 32858832
130352726 116352726
36644124 24644124
12214708 8214708
74487272 66487272
18621818 16621818
42751478 28751478
30536770 20536770
42751478 28751478
24429416 16429416
130352726 116352726
130352726 116352726
130352726 116352726
167596362 149596362
130352726 116352726
130352726 116352726
6107354 4107354
93109090 83109090
54966186 36966186
37243636 33243636
111730908 99730908
18621818 16621818
18322062 12322062
37243636 33243636
36644124 24644124
74487272 66487272
