200 9187378001
77295933 59295933
68707496 52707496
34402574 30402574
172012870 152012870
68805148 60805148
42942185 32942185
137610296 121610296
17201287 15201287
60119059 46119059
8588437 6588437
60119059 46119059
51530622 39530622
68805148 60805148
34402574 30402574
8588437 6588437
17201287 15201287
8588437 6588437
68805148 60805148
17201287 15201287
172012870 152012870
120409009 106409009
34402574 30402574
68805148 60805148
51603861 45603861
17176874 13176874
17201287 15201287
154811583 136811583
154811583 136811583
103207722 91207722
154811583 136811583
51603861 45603861
51530622 39530622
17176874 13176874
25765311 19765311
68707496 52707496
25765311 19765311
86006435 76006435
42942185 32942185
60119059 46119059
8588437 6588437
154811583 136811583
86006435 76006435
60119059 46119059
120409009 106409009
51530622 39530622
172012870 152012870
34402574 30402574
51603861 45603861
34402574 30402574
60119059 46119059
154811583 136811583
42942185 32942185
68805148 60805148
68707496 52707496
137610296 121610296
68805148 60805148
51603861 45603861
86006435 76006435
154811583 136811583
77295933 59295933
34353748 26353748
34353748 26353748
120409009 106409009
34402574 30402574
25765311 19765311
60119059 46119059
77295933 59295933
25765311 19765311
137610296 121610296
120409009 106409009
8588437 6588437
60119059 46119059
8588437 6588437
68707496 52707496
68805148 60805148
17176874 13176874
68805148 60805148
103207722 91207722
77295933 59295933
103207722 91207722
120409009 106409009
154811583 136811583
51530622 39530622
51530622 39530622
60119059 46119059
68707496 52707496
17201287 15201287
42942185 32942185
42942185 32942185
17201287 15201287
60119059 46119059
68805148 60805148
137610296 121610296
77295933 59295933
172012870 152012870
34353748 26353748
25765311 19765311
68805148 60805148
60119059 46119059
34353748 26353748
86006435 76006435
17201287 15201287
8588437 6588437
120409009 106409009
68805148 60805148
137610296 121610296
42942185 32942185
25765311 19765311
137610296 121610296
154811583 136811583
34402574 30402574
34353748 26353748
34353748 26353748
85884370 65884370
51603861 45603861
154811583 136811583
25765311 19765311
68707496 52707496
120409009 106409009
172012870 152012870
17176874 13176874
86006435 76006435
68805148 60805148
120409009 106409009
86006435 76006435
34402574 30402574
60119059 46119059
86006435 76006435
17201287 15201287
68805148 60805148
51603861 45603861
42942185 32942185
77295933 59295933
51603861 45603861
25765311 19765311
25765311 19765311
77295933 59295933
103207722 91207722
120409009 106409009
154811583 136811583
68707496 52707496
154811583 136811583
68805148 60805148
17201287 15201287
172012870 152012870
51603861 45603861
85884370 65884370
172012870 152012870
120409009 106409009
172012870 152012870
17201287 15201287
34353748 26353748
154811583 136811583
86006435 76006435
25765311 19765311
172012870 152012870
51603861 45603861
34353748 26353748
34353748 26353748
34402574 30402574
137610296 121610296
68707496 52707496
34353748 26353748
68707496 52707496
17176874 13176874
154811583 136811583
60119059 46119059
8588437 6588437
17201287 15201287
154811583 136811583
68707496 52707496
85884370 65884370
120409009 106409009
85884370 65884370
85884370 65884370
85884370 65884370
77295933 59295933
85884370 65884370
103207722 91207722
34402574 30402574
154811583 136811583
77295933 59295933
51530622 39530622
60119059 46119059
77295933 59295933
8588437 6588437
68707496 52707496
137610296 121610296
51530622 39530622
77295933 59295933
60119059 46119059
120409009 106409009
8588437 6588437
34402574 30402574
103207722 91207722
17201287 15201287
25765311 19765311
25765311 19765311
172012870 152012870
17201287 15201287
