200 1707778944
13299590 3299590
2659918 659918
21279344 5279344
18619426 4619426
14695792 10695792
58783168 42783168
7347896 5347896
73478960 53478960
14695792 10695792
2659918 659918
26599180 6599180
66131064 48131064
44087376 32087376
44087376 32087376
14695792 10695792
66131064 48131064
7979754 1979754
21279344 5279344
29391584 21391584
29391584 21391584
15959508 3959508
7347896 5347896
73478960 53478960
29391584 21391584
23939262 5939262
18619426 4619426
21279344 5279344
10639672 2639672
22043688 16043688
36739480 26739480
13299590 3299590
36739480 26739480
73478960 53478960
58783168 42783168
13299590 3299590
13299590 3299590
29391584 21391584
23939262 5939262
5319836 1319836
2659918 659918
21279344 5279344
2659918 659918
7979754 1979754
51435272 37435272
10639672 2639672
10639672 2639672
18619426 4619426
14695792 10695792
10639672 2639672
2659918 659918
58783168 42783168
7979754 1979754
10639672 2639672
10639672 2639672
5319836 1319836
73478960 53478960
13299590 3299590
73478960 53478960
58783168 42783168
18619426 4619426
44087376 32087376
58783168 42783168
29391584 21391584
66131064 48131064
15959508 3959508
14695792 10695792
7979754 1979754
44087376 32087376
44087376 32087376
73478960 53478960
58783168 42783168
18619426 4619426
66131064 48131064
23939262 5939262
29391584 21391584
7979754 1979754
66131064 48131064
66131064 48131064
44087376 32087376
5319836 1319836
23939262 5939262
51435272 37435272
44087376 32087376
73478960 53478960
14695792 10695792
7347896 5347896
7347896 5347896
23939262 5939262
51435272 37435272
21279344 5279344
7347896 5347896
73478960 53478960
14695792 10695792
7347896 5347896
44087376 32087376
18619426 4619426
13299590 3299590
36739480 26739480
2659918 659918
66131064 48131064
13299590 3299590
26599180 6599180
2659918 659918
5319836 1319836
18619426 4619426
36739480 26739480
66131064 48131064
10639672 2639672
66131064 48131064
29391584 21391584
2659918 659918
26599180 6599180
22043688 16043688
26599180 6599180
21279344 5279344
66131064 48131064
26599180 6599180
13299590 3299590
15959508 3959508
36739480 26739480
21279344 5279344
29391584 21391584
7347896 5347896
29391584 21391584
15959508 3959508
7347896 5347896
51435272 37435272
15959508 3959508
29391584 21391584
10639672 2639672
18619426 4619426
22043688 16043688
14695792 10695792
18619426 4619426
14695792 10695792
7979754 1979754
18619426 4619426
10639672 2639672
29391584 21391584
14695792 10695792
51435272 37435272
7347896 5347896
44087376 32087376
14695792 10695792
7347896 5347896
44087376 32087376
73478960 53478960
7979754 1979754
18619426 4619426
26599180 6599180
44087376 32087376
66131064 48131064
22043688 16043688
73478960 53478960
26599180 6599180
2659918 659918
36739480 26739480
7347896 5347896
14695792 10695792
36739480 26739480
7347896 5347896
7979754 1979754
44087376 32087376
26599180 6599180
23939262 5939262
26599180 6599180
73478960 53478960
2659918 659918
51435272 37435272
22043688 16043688
21279344 5279344
36739480 26739480
22043688 16043688
7979754 1979754
58783168 42783168
36739480 26739480
7979754 1979754
14695792 10695792
22043688 16043688
26599180 6599180
18619426 4619426
22043688 16043688
26599180 6599180
18619426 4619426
66131064 48131064
73478960 53478960
21279344 5279344
22043688 16043688
2659918 659918
18619426 4619426
73478960 53478960
51435272 37435272
21279344 5279344
29391584 21391584
21279344 5279344
2659918 659918
2659918 659918
14695792 10695792
7979754 1979754
15959508 3959508
